1 1 1 1 1 1 1 1 1 1 1 1 1 1 1 1 1 1 1 1 1 1 1 1 1 1 1 1 1 1 1 1 1 1 1 1 1 1 1 1 1 1 1 1 1 1 1 1 1 1 1 1 1 1 1 1 1 1 1 1 1 1 1 1 1 1 1 1 1 1 1 1 1 1 1 1 1 1 1 1 1 1 1 1 1 1 1 1 1 1 1 1 1 1 1 1 1 1 1 1 1 1 1 1 1 1 1 1 1 1 1 1 1 1 1 1 1 1 1 1 1 1 1 1 1 1 1 1 1 1 1 1 1 1 1 1 1 1 1 1 1 1 1 1 1 1 1 1 1 1 
1 3 2 2 2 2 2 2 2 2 2 2 2 2 2 2 2 2 2 2 2 2 2 2 2 2 2 2 2 2 2 2 2 2 2 2 2 2 2 2 2 2 2 2 2 2 2 2 2 2 2 2 2 2 2 2 2 2 2 2 2 2 2 2 2 2 2 2 2 2 2 2 2 2 2 2 2 2 2 2 2 2 2 2 2 2 2 2 2 2 2 2 2 2 2 2 2 2 2 2 2 2 2 2 2 2 2 2 2 2 2 2 2 2 2 2 2 2 2 2 2 2 2 2 2 2 2 2 2 2 2 2 2 2 2 2 2 2 2 2 2 2 2 2 2 2 2 2 2 1 
1 2 2 2 2 2 2 2 2 2 2 2 2 2 2 2 2 2 2 2 2 2 2 2 2 2 2 2 2 2 15 16 15 16 15 16 15 16 15 16 15 16 15 16 2 2 2 2 2 2 2 2 2 2 2 2 2 2 2 2 2 2 2 2 2 2 2 2 2 2 2 2 2 2 2 2 2 2 2 2 2 2 2 2 2 2 2 2 2 2 2 2 2 2 2 2 2 2 2 2 2 2 2 2 2 2 2 2 2 2 2 2 2 2 2 2 2 2 2 2 2 2 2 2 2 2 2 2 2 2 2 2 2 2 2 2 2 2 2 2 2 2 2 2 2 2 2 2 2 1 
1 2 2 2 2 2 2 2 2 2 2 2 2 2 15 15 2 2 2 2 2 2 2 2 2 2 2 2 2 2 16 14 14 14 14 14 14 14 14 14 14 14 14 16 2 2 2 2 17 18 19 2 2 2 2 2 2 2 2 2 3 3 3 3 3 3 3 2 2 2 2 2 2 2 2 2 2 2 2 2 2 2 2 2 2 2 2 2 2 2 2 2 2 2 2 2 2 2 2 2 2 2 2 2 2 2 2 2 2 2 2 2 2 2 2 2 2 2 2 2 2 2 2 2 2 2 2 2 2 2 2 2 2 2 2 2 2 2 2 2 2 2 2 2 2 2 2 2 2 1 
1 2 2 14 14 14 14 14 14 14 14 14 14 14 14 16 2 2 17 18 19 2 17 18 19 2 2 2 2 2 15 14 14 14 14 14 14 14 14 14 14 14 14 16 2 2 2 2 20 21 22 2 2 2 2 2 2 2 2 2 3 4 4 4 4 4 3 3 2 2 2 2 2 2 3 3 2 2 2 2 2 2 2 2 2 2 2 2 2 2 2 2 2 2 2 2 2 2 2 2 2 2 2 2 2 2 2 2 2 2 2 2 2 2 2 2 2 2 2 2 2 2 2 2 2 2 2 2 2 2 2 2 2 2 2 2 2 2 2 2 2 2 2 2 2 2 2 2 2 1 
1 2 2 14 14 2 2 2 2 2 2 14 3 4 14 15 2 2 20 21 22 2 20 21 22 2 2 2 2 2 16 14 14 15 15 15 14 14 14 14 14 14 14 16 2 2 2 2 23 24 25 2 2 2 2 2 2 2 2 2 3 3 3 3 4 4 3 3 2 2 2 3 2 2 3 2 2 2 2 2 2 2 2 2 2 2 2 2 2 2 2 2 2 2 2 2 2 2 2 2 14 14 14 14 14 14 2 2 2 2 2 2 2 2 2 2 2 2 2 2 2 2 2 2 2 2 2 2 2 2 2 2 2 2 2 2 2 2 2 2 2 2 2 2 2 2 2 2 2 1 
1 2 2 14 14 14 14 14 14 14 14 14 4 3 14 16 2 2 23 24 25 2 23 24 25 2 2 2 2 2 15 14 14 15 2 15 15 15 15 15 15 14 14 15 16 15 16 15 16 15 16 15 16 15 16 15 2 2 2 2 3 4 4 4 4 3 3 3 2 2 2 3 2 2 3 2 2 2 2 2 2 2 2 2 2 2 2 2 14 14 14 2 2 2 2 2 14 14 14 14 14 3 2 2 2 14 14 14 14 14 14 2 2 2 2 2 2 2 2 2 2 2 2 2 2 2 2 2 2 2 2 2 2 2 2 2 2 2 2 2 2 2 2 2 2 2 2 2 2 1 
1 2 2 14 14 2 2 2 2 2 2 14 14 14 14 15 2 2 2 2 2 2 2 2 2 2 2 2 2 2 16 14 14 15 17 18 19 2 2 2 15 14 14 14 14 14 14 14 14 14 14 14 2 2 2 2 2 2 2 2 3 3 3 3 3 3 3 2 2 2 2 3 2 2 14 14 14 14 14 14 14 14 14 14 14 14 14 14 2 2 2 2 2 2 2 2 2 2 2 15 2 14 14 16 2 2 2 2 14 14 14 14 14 30 31 2 2 2 2 2 16 14 16 16 2 2 2 2 2 2 17 17 2 2 3 2 2 2 2 2 2 14 14 14 14 14 14 2 2 1 
1 2 2 14 14 14 14 14 14 14 14 14 14 14 14 16 2 2 2 2 2 2 2 2 2 2 2 2 2 2 15 14 14 15 20 21 22 2 2 2 15 14 14 14 14 14 14 14 14 14 14 14 2 2 2 2 2 2 2 2 2 2 2 2 2 2 2 2 2 2 2 3 3 3 14 14 14 14 14 14 14 14 14 14 14 14 14 14 2 2 2 2 2 2 2 2 2 2 2 15 2 14 14 16 2 2 2 2 14 14 14 14 14 32 33 2 2 2 15 2 16 14 16 2 2 17 2 2 2 2 2 17 2 2 2 2 2 2 2 2 2 14 14 14 14 15 15 2 2 1 
1 2 2 14 14 15 16 15 16 15 16 15 16 14 14 15 2 2 2 2 2 2 2 2 2 2 2 2 2 2 16 14 14 15 23 24 25 2 2 2 15 14 14 15 15 15 15 15 15 15 14 14 2 2 2 2 2 17 18 19 2 2 2 2 2 2 2 2 2 2 2 2 2 2 14 14 14 14 15 15 15 14 14 14 14 14 14 14 2 2 2 2 2 2 2 2 2 2 2 15 2 14 14 16 2 2 2 2 2 2 2 14 14 2 2 2 2 2 2 2 16 14 16 2 2 2 2 2 2 2 2 2 2 17 2 2 2 2 2 2 2 14 14 14 14 15 2 2 2 1 
1 2 2 14 14 15 2 2 2 2 30 31 15 14 14 16 2 2 2 2 2 2 2 14 14 2 2 2 2 2 15 14 14 15 2 2 2 2 2 2 15 14 14 15 2 2 2 2 2 15 14 14 14 3 2 4 2 20 21 22 2 2 2 2 2 2 2 2 2 2 2 14 14 14 14 14 14 14 15 2 15 15 15 15 15 15 14 14 15 16 15 16 15 16 15 2 2 2 2 15 14 14 14 16 2 2 2 2 2 2 2 14 14 4 2 2 2 2 2 15 16 14 16 2 2 19 2 2 2 2 2 2 2 17 2 17 2 2 2 2 2 14 14 14 14 15 2 2 2 1 
1 2 2 14 14 16 2 2 2 2 32 33 16 14 14 15 2 2 2 2 2 2 14 14 2 2 2 2 2 2 16 14 14 15 2 2 2 2 2 2 15 14 14 15 2 2 2 2 2 15 14 14 14 14 14 4 2 23 24 25 2 2 2 2 2 2 2 2 2 2 2 14 3 2 14 14 14 14 15 2 2 2 2 2 2 15 14 14 14 14 14 14 14 14 14 2 2 2 2 15 14 14 16 16 2 2 2 2 2 2 2 14 14 14 14 14 14 14 14 14 14 14 16 2 2 22 2 2 2 2 2 2 2 2 2 2 2 2 2 2 2 2 14 14 14 15 2 2 2 1 
1 2 2 14 14 15 2 2 2 2 2 2 15 14 14 16 2 2 2 2 2 14 14 2 2 2 2 2 2 2 15 14 14 15 2 2 2 2 2 2 15 14 14 15 2 2 2 2 2 15 14 14 14 14 14 14 2 2 2 2 2 2 2 2 2 2 2 2 2 2 2 14 2 2 2 14 14 14 15 2 2 2 2 2 2 15 14 14 14 14 14 14 14 14 14 2 2 2 2 15 14 14 16 2 2 2 2 2 2 2 2 14 14 14 14 14 14 14 14 14 14 14 14 14 2 25 2 2 2 2 2 2 2 2 2 2 2 2 2 2 2 2 2 14 14 15 2 2 2 1 
1 2 2 14 14 16 2 26 27 2 2 2 16 14 14 15 2 2 2 2 2 14 3 2 2 2 2 2 2 2 16 14 14 15 2 2 2 17 18 19 15 15 15 15 2 2 2 2 2 15 14 14 14 14 14 14 14 2 2 2 2 2 2 2 2 2 2 2 2 2 2 14 2 2 2 2 14 14 15 2 2 2 2 2 2 15 14 14 15 15 15 15 15 15 15 2 2 2 2 15 14 14 16 2 2 2 2 2 2 2 2 2 2 2 2 2 2 2 2 2 16 16 16 14 2 2 2 2 2 3 2 2 2 2 2 2 2 2 2 2 2 2 2 14 14 15 2 2 2 1 
1 2 2 14 14 15 2 28 29 2 34 35 15 14 14 16 2 2 2 2 2 14 2 2 2 2 2 2 2 2 15 14 14 15 2 2 2 20 21 22 2 2 2 2 2 2 2 2 2 15 14 14 14 14 14 14 14 2 2 2 2 3 3 3 2 2 2 2 2 2 2 14 2 2 2 2 14 14 15 2 2 17 18 19 2 15 14 14 15 2 2 2 2 2 15 2 2 2 2 15 14 14 16 2 2 2 2 2 2 2 2 2 2 2 2 2 2 2 2 2 2 2 2 2 2 2 2 2 2 3 2 2 2 2 2 2 2 2 3 3 3 2 2 14 14 15 2 2 2 1 
1 2 2 14 14 16 2 2 2 2 36 37 16 14 14 15 2 2 2 2 2 14 14 2 2 2 2 2 2 2 16 14 14 15 2 2 2 23 24 25 2 2 2 2 2 2 2 2 2 15 14 14 14 14 14 14 14 14 14 14 14 14 14 3 2 2 2 2 2 2 5 6 7 2 2 2 14 14 15 2 2 20 21 22 2 15 14 14 15 2 2 2 2 2 15 2 2 2 2 15 14 14 16 2 2 2 2 2 2 2 2 2 2 2 2 2 2 2 2 2 2 2 2 14 2 2 2 2 2 3 3 2 2 2 2 3 3 3 3 2 2 2 2 14 14 15 2 2 2 1 
1 3 2 14 14 15 15 15 2 2 2 2 15 14 14 16 16 15 16 16 16 14 14 15 16 15 16 15 16 15 15 14 14 15 16 15 16 15 16 15 16 15 16 2 2 2 2 2 2 2 2 15 14 14 14 14 14 14 2 2 2 14 14 3 2 2 2 2 2 2 8 9 10 2 2 2 14 14 15 2 2 23 16 16 16 16 16 16 2 2 2 2 2 2 2 2 2 2 2 2 14 2 2 2 2 14 14 15 2 2 2 2 2 2 15 15 15 15 2 2 2 2 2 15 14 14 14 14 14 14 14 2 2 2 2 2 2 2 2 2 2 2 2 2 2 2 2 2 2 1 
1 14 14 14 14 14 14 15 2 2 2 2 16 14 14 14 14 14 14 14 14 14 14 14 14 14 14 14 14 14 14 14 14 14 14 14 14 14 14 14 14 14 14 2 2 2 2 2 2 2 2 15 14 14 14 14 14 14 2 2 2 14 2 2 2 2 2 2 2 2 11 14 13 2 2 2 14 14 15 2 2 2 14 14 14 14 16 16 2 2 2 2 2 2 2 2 2 2 2 2 14 2 2 2 2 14 14 15 2 2 2 2 2 2 2 2 2 2 2 2 2 2 2 15 14 14 14 14 14 14 14 2 2 2 2 2 2 2 2 2 2 2 2 2 2 2 2 2 2 1 
1 3 2 2 2 14 14 15 2 2 2 2 2 14 14 14 14 14 14 14 14 14 14 14 14 14 14 14 14 14 14 14 14 14 14 14 14 14 16 14 2 2 2 2 2 2 2 2 2 2 2 15 14 14 14 14 14 14 2 2 2 14 2 2 2 2 2 2 2 2 2 14 2 2 2 2 14 14 15 2 2 2 14 14 14 14 16 2 2 2 2 2 2 2 2 2 2 2 2 2 14 2 2 2 2 14 14 15 2 2 2 2 2 2 2 2 2 2 2 2 2 2 2 15 14 14 14 14 14 14 14 14 2 2 17 18 19 2 2 2 2 2 2 2 2 2 2 2 2 1 
1 2 2 2 2 14 14 15 2 2 2 2 2 2 15 14 14 15 16 15 16 15 16 15 16 15 16 15 16 15 16 15 16 14 14 16 14 14 16 14 2 2 2 2 2 2 2 2 2 2 2 2 2 15 14 14 14 14 2 2 2 14 2 2 2 14 14 14 2 2 2 14 2 17 2 2 14 14 15 2 2 2 2 2 14 14 16 2 2 2 3 3 3 3 3 3 3 2 2 2 14 2 2 2 2 14 14 15 16 15 16 15 16 15 16 15 16 2 2 2 2 2 2 2 2 15 14 14 14 14 14 14 2 2 20 21 22 2 2 2 2 2 2 2 2 2 2 2 2 1 
1 2 2 2 2 14 14 15 15 2 2 2 2 2 15 14 14 2 2 2 2 2 2 2 2 2 2 2 2 2 2 2 15 14 14 2 14 14 16 14 2 2 2 2 17 18 19 2 26 27 2 2 2 15 14 14 14 14 2 2 2 14 14 14 14 14 3 14 2 2 2 14 2 2 2 2 14 14 15 16 15 16 2 2 14 14 16 2 2 2 3 4 4 4 4 4 3 3 2 2 2 2 2 2 2 14 14 14 14 14 14 14 14 14 14 14 14 2 2 2 2 2 2 2 2 15 14 14 14 14 14 14 2 2 23 24 25 2 2 3 3 3 3 3 3 3 2 2 2 1 
1 2 2 2 14 14 14 14 15 2 2 2 2 2 15 14 14 14 14 15 2 2 2 2 2 2 2 2 2 2 2 2 15 14 14 2 14 14 14 14 2 2 2 2 20 21 22 2 28 29 2 2 2 2 2 15 14 14 2 2 2 2 2 2 2 2 2 14 14 14 14 14 2 2 2 2 14 14 14 14 14 14 2 2 14 14 16 2 2 2 3 3 3 3 4 4 3 3 2 2 2 2 2 2 2 14 14 14 14 14 14 14 16 14 2 2 2 2 2 2 2 2 2 2 2 15 14 14 14 14 14 14 2 2 2 2 2 2 2 3 4 4 4 4 4 3 3 2 2 1 
1 2 2 2 14 14 14 14 15 2 2 2 2 2 2 15 14 14 14 15 2 2 2 2 2 2 2 2 2 2 2 2 15 14 14 2 14 14 14 2 2 2 2 2 23 24 25 2 2 2 2 2 2 2 2 15 14 14 2 2 2 2 2 2 2 2 2 2 2 2 2 2 2 2 15 2 2 2 2 2 2 15 15 15 15 2 2 2 2 2 15 14 14 14 14 14 14 14 2 2 2 2 2 2 2 2 2 2 2 2 2 2 2 2 14 2 2 2 2 2 2 2 2 2 2 2 2 15 14 14 14 14 2 2 2 2 2 2 2 3 3 3 3 4 4 3 3 2 2 1 
1 2 2 2 14 14 14 14 15 15 15 15 2 2 2 15 15 14 14 15 2 2 2 2 2 2 2 2 2 2 2 2 15 14 14 16 14 14 14 2 2 26 27 2 2 2 2 2 2 2 2 2 2 2 2 15 14 14 2 2 2 2 2 2 2 2 2 2 2 2 2 2 2 2 15 2 2 2 2 2 2 2 2 2 2 2 2 2 2 2 15 14 14 14 14 14 14 14 2 2 2 2 2 2 2 2 2 2 2 2 2 2 2 2 14 14 2 2 2 2 2 2 2 2 2 2 2 15 14 14 14 14 14 14 14 14 14 14 2 3 4 4 4 4 3 3 3 2 2 1 
1 2 2 2 14 14 14 14 14 14 14 15 2 2 2 15 15 14 14 15 2 2 2 2 2 2 2 2 2 16 16 16 16 14 14 16 14 14 14 2 2 28 29 2 2 2 2 2 2 2 2 2 2 2 2 2 2 2 2 2 2 2 2 2 2 2 2 17 2 2 2 2 2 2 15 2 2 2 2 2 2 2 2 2 2 2 34 35 2 2 15 14 14 14 14 14 14 14 14 2 2 17 18 19 2 2 2 2 2 2 2 2 2 2 2 14 2 2 2 2 2 2 2 17 18 19 2 2 2 15 14 14 15 2 2 2 2 14 14 3 3 3 3 3 3 3 2 2 2 1 
1 2 2 2 2 2 2 2 2 14 14 14 16 2 2 2 15 14 14 15 2 2 2 2 2 2 2 2 2 16 16 14 14 14 14 14 14 14 14 2 2 2 2 2 2 2 2 2 2 2 2 2 2 2 2 26 27 2 2 2 2 2 3 2 2 2 2 2 2 2 2 2 2 2 15 16 15 16 15 16 15 16 15 16 2 2 36 37 2 2 2 2 15 14 14 14 14 14 14 2 2 20 21 22 2 2 2 2 2 2 2 2 2 2 2 14 14 2 2 2 2 2 2 20 21 22 2 2 2 15 14 14 15 2 2 2 2 2 14 2 2 2 2 2 2 2 2 2 2 1 
1 2 2 2 2 2 2 2 2 4 14 14 16 2 2 2 15 14 14 15 2 2 2 2 2 2 2 2 15 16 14 14 16 14 15 16 15 14 14 14 14 14 14 14 14 14 14 14 14 2 2 2 2 2 2 28 29 2 2 2 2 2 3 3 2 2 3 2 2 2 2 2 2 2 14 14 14 14 14 14 14 14 14 14 2 2 2 2 2 2 2 2 15 14 14 14 14 14 14 2 2 23 24 25 2 2 3 3 3 3 3 3 3 2 2 2 14 14 14 2 2 2 2 23 24 25 2 2 2 15 14 14 15 2 2 2 2 2 2 14 2 2 2 2 2 2 2 2 2 1 
1 2 2 2 2 2 2 2 2 2 14 14 16 2 2 2 15 14 14 14 14 14 2 2 2 2 2 2 2 16 14 16 16 14 2 2 2 14 14 14 14 14 14 14 14 14 14 14 14 2 2 2 2 2 2 2 2 2 2 2 2 2 2 3 3 2 3 2 2 2 2 2 2 2 14 14 14 14 14 16 14 2 2 2 2 2 2 2 2 2 2 2 15 14 14 14 14 14 14 2 2 2 2 2 2 2 3 4 4 4 4 4 3 3 2 2 2 2 14 14 14 14 14 14 14 14 14 14 14 14 16 2 2 2 2 2 2 2 2 2 2 2 2 2 2 15 14 2 2 1 
1 2 2 2 2 2 2 2 2 2 14 14 16 2 2 2 15 14 14 14 14 14 15 2 2 2 2 15 2 16 14 16 2 14 2 2 2 14 14 15 15 15 14 14 14 14 14 14 14 2 2 2 2 2 2 2 2 2 2 2 2 2 2 2 3 3 3 2 2 2 2 2 2 2 14 14 16 14 14 16 14 2 2 2 2 2 2 16 16 16 16 16 16 2 2 2 2 2 2 2 2 2 2 2 2 14 2 2 2 2 14 14 15 2 2 2 2 2 2 15 15 15 15 2 2 2 2 2 15 14 14 14 14 14 14 14 2 2 2 2 2 2 2 2 2 2 2 2 2 1 
1 2 2 2 2 2 2 2 2 2 14 14 16 2 2 2 16 16 16 15 14 14 15 2 2 2 2 2 2 16 14 16 2 14 2 2 2 14 14 15 2 15 15 15 15 15 15 14 14 15 16 15 16 15 16 15 16 15 16 15 16 15 2 2 2 2 2 2 2 2 2 2 2 2 14 14 15 2 2 2 2 2 2 15 15 15 15 14 14 14 14 16 16 2 2 2 2 2 2 2 2 2 2 2 2 14 2 2 2 2 14 14 15 2 2 2 2 2 2 2 2 2 2 2 2 2 2 2 15 14 14 14 14 14 14 14 2 2 2 2 2 2 2 2 2 2 2 2 2 1 
1 2 2 2 2 2 2 2 2 14 14 14 16 2 2 2 2 2 2 15 14 14 15 2 2 2 2 2 15 16 14 16 2 14 17 18 19 14 14 15 2 2 2 2 2 2 15 14 14 14 14 14 14 14 14 14 14 14 2 2 2 2 2 2 2 2 2 2 2 2 2 2 2 2 14 14 15 2 2 2 2 2 2 2 2 2 2 14 14 14 14 16 2 2 2 2 2 2 2 2 2 2 2 2 2 14 2 2 2 2 14 14 15 2 2 2 2 2 2 2 2 2 2 2 2 2 2 2 15 14 14 14 14 14 14 14 14 2 2 17 18 19 2 2 2 2 2 2 2 1 
1 2 2 2 2 2 2 2 2 14 14 16 16 2 2 2 2 2 2 15 14 14 14 14 14 14 14 14 14 14 14 16 2 14 20 21 22 14 14 15 2 2 2 2 2 2 15 14 14 14 14 14 14 14 14 14 14 14 2 2 2 2 2 2 2 2 2 2 2 2 2 2 2 14 14 14 15 2 2 2 2 2 2 2 2 2 2 2 2 14 14 16 2 2 2 3 3 3 3 3 3 3 2 2 2 14 2 2 2 2 14 14 15 16 15 16 15 16 15 16 15 16 2 2 2 2 2 2 2 2 15 14 14 14 14 14 14 2 2 20 21 22 2 2 2 2 2 2 2 1 
1 2 2 2 2 2 2 2 2 14 14 16 2 2 2 2 2 2 2 15 14 14 14 14 14 14 14 14 14 14 14 14 14 14 23 24 25 14 14 15 2 2 2 2 2 2 15 14 14 15 15 15 15 15 15 15 14 14 2 2 2 2 2 2 2 14 2 2 2 2 2 2 14 14 14 14 15 16 15 16 15 16 15 16 15 16 2 2 2 14 14 16 2 2 2 3 4 4 4 4 4 3 3 2 2 2 2 2 2 2 14 14 14 14 14 14 14 14 14 14 14 14 2 2 2 2 2 2 2 2 15 14 14 14 14 14 14 2 2 23 24 25 2 2 3 3 3 2 2 1 
1 2 2 17 18 19 2 2 2 14 14 16 2 2 2 2 2 2 2 2 2 2 2 2 2 2 2 2 2 16 16 16 14 14 14 14 14 14 14 15 2 2 2 2 2 2 15 14 14 15 2 2 2 2 2 15 14 14 14 3 2 2 2 2 2 14 14 2 2 2 2 2 14 2 14 14 14 14 14 14 14 14 14 14 14 14 2 2 2 14 14 16 2 2 2 3 3 3 3 4 4 3 3 2 2 2 2 2 2 2 16 16 16 16 16 16 2 2 2 2 2 2 2 2 2 2 2 2 14 2 2 30 31 14 14 15 2 2 2 2 2 2 15 15 15 15 2 2 2 1 
1 2 2 20 21 22 2 2 2 14 14 16 26 27 2 2 2 2 2 2 2 2 2 2 2 2 2 2 2 2 2 2 2 14 2 2 2 14 14 15 2 2 2 2 2 2 15 14 14 15 2 2 2 2 2 15 14 14 14 14 14 2 2 2 2 2 14 14 2 2 2 14 14 2 14 14 14 14 14 14 14 16 14 2 2 2 2 14 14 14 14 14 2 2 2 3 4 4 4 4 3 3 3 2 2 2 2 2 2 2 14 14 14 14 16 16 2 2 2 2 2 2 2 2 2 2 2 2 14 2 2 32 33 14 14 15 2 2 2 2 2 2 2 2 2 2 2 2 2 1 
1 2 2 23 24 25 2 2 2 14 14 16 28 29 2 2 2 2 2 2 2 2 2 2 2 2 2 2 2 2 2 2 14 14 2 2 2 14 14 15 2 2 2 2 2 2 15 14 14 15 2 2 2 2 2 15 14 14 14 14 14 14 2 2 2 2 2 14 14 14 14 14 2 2 15 16 14 14 16 14 14 16 14 2 2 2 2 14 14 14 14 14 2 2 2 3 3 3 3 3 3 3 2 2 2 2 2 2 2 2 14 14 14 14 16 2 2 2 2 2 2 2 2 2 2 2 2 2 14 2 2 2 2 14 14 15 2 2 2 2 2 2 2 2 2 2 2 2 2 1 
1 2 2 2 2 2 2 2 2 14 14 16 16 16 16 16 16 16 16 16 2 2 2 2 2 2 2 2 2 2 2 2 14 2 2 2 2 14 14 15 2 2 2 2 2 2 15 15 15 15 2 2 2 2 2 15 14 14 14 14 14 14 14 2 2 2 2 2 2 2 2 2 2 2 2 2 14 14 2 14 14 16 14 2 2 2 2 14 14 2 14 14 2 2 2 2 2 2 2 2 2 2 2 2 2 2 2 2 2 2 2 2 14 14 16 2 2 2 3 3 3 3 3 3 3 2 2 2 14 2 2 2 2 14 14 15 16 15 16 15 16 15 16 15 16 2 2 14 2 1 
1 2 2 2 2 2 2 2 2 14 14 14 14 14 14 14 14 14 16 16 2 2 2 2 2 2 2 2 2 2 2 2 14 2 2 2 2 14 14 15 2 2 2 2 2 2 2 2 2 2 2 2 2 2 2 15 14 14 14 14 14 14 14 2 2 2 2 2 2 2 2 2 2 2 2 2 14 14 2 14 14 14 14 2 2 2 2 14 14 14 14 14 2 2 2 2 2 2 2 14 4 2 2 2 2 2 2 2 2 2 2 2 14 14 16 2 2 2 3 4 4 4 4 4 3 3 2 2 2 2 2 2 2 14 14 14 14 14 14 14 14 14 14 14 14 2 2 14 2 1 
1 2 2 2 2 2 2 2 2 14 14 14 14 14 14 14 14 14 16 2 2 2 2 2 2 2 2 2 2 2 2 2 14 2 2 2 2 14 14 15 2 2 2 2 2 2 2 2 2 2 2 2 2 2 2 15 14 14 14 14 14 14 14 14 2 2 17 18 19 2 2 2 2 2 2 2 14 14 2 14 14 14 30 31 2 2 2 14 14 14 14 14 2 2 2 26 27 2 2 14 14 14 14 14 14 14 14 14 14 14 2 2 14 14 16 2 2 2 3 3 3 3 4 4 3 3 2 2 2 2 2 2 2 14 14 14 14 14 14 14 16 14 2 2 2 2 2 14 14 1 
1 2 2 2 2 2 2 2 2 14 14 2 2 2 2 2 14 14 16 2 2 2 3 3 3 3 3 3 3 2 2 2 14 2 2 2 2 14 14 15 16 15 16 15 16 15 16 15 16 2 2 2 2 2 2 2 2 15 14 14 14 14 14 14 2 2 20 21 22 2 2 2 2 2 2 2 14 14 16 14 14 14 32 33 2 2 2 2 14 2 2 2 2 2 2 28 29 2 2 14 2 2 2 2 2 2 2 2 4 14 14 14 14 14 14 2 2 2 3 4 4 4 4 3 3 3 2 2 2 2 2 2 2 15 16 14 14 16 14 14 16 14 2 2 2 2 2 2 14 1 
1 2 2 2 2 2 2 2 2 14 14 2 2 2 2 2 14 14 16 2 2 2 3 4 4 4 4 4 3 3 2 2 26 27 2 2 2 14 14 14 14 14 14 14 14 14 14 14 14 2 2 2 2 2 2 2 2 15 14 14 14 14 14 14 2 2 23 24 25 2 2 3 3 3 2 2 2 2 2 2 2 2 2 2 2 2 2 14 14 14 14 14 2 2 2 2 2 2 2 14 2 2 2 2 2 2 2 2 2 14 14 14 14 14 14 2 2 2 3 3 3 3 3 3 3 2 2 2 2 2 2 2 2 2 2 14 14 2 14 14 16 14 2 2 2 2 2 2 2 1 
1 2 2 2 2 2 2 2 2 14 2 2 3 2 2 2 14 14 16 2 2 2 3 3 3 3 4 4 3 3 2 2 28 29 2 2 2 14 14 14 14 14 14 14 16 14 2 2 2 2 2 2 2 2 2 2 2 15 14 14 14 14 14 14 2 2 2 2 2 2 2 3 4 4 2 2 2 2 2 2 2 2 2 14 14 14 14 14 14 3 2 14 14 14 14 2 2 2 2 14 2 2 2 2 2 2 2 2 2 11 14 14 2 14 14 2 2 2 2 2 2 2 2 2 2 2 2 2 2 2 2 2 2 2 2 14 14 2 14 14 14 14 2 2 2 2 2 2 2 1 
1 2 2 2 2 2 2 2 2 14 2 2 2 2 14 14 14 14 14 2 2 2 3 4 4 4 4 3 3 3 2 2 2 2 2 2 2 15 16 14 14 16 14 14 16 14 2 2 2 2 2 2 2 2 2 2 2 2 2 15 14 14 14 14 2 2 2 2 2 2 2 3 3 3 14 2 2 2 2 2 2 2 14 14 2 2 2 2 14 14 14 14 14 14 14 14 14 14 14 14 14 14 14 14 14 14 15 2 2 2 14 14 14 14 14 2 2 2 2 2 2 2 14 4 2 2 2 2 2 2 2 2 2 2 2 14 14 2 14 14 14 2 2 2 2 2 2 2 2 1 
1 2 17 18 19 2 2 2 2 2 2 2 2 2 14 14 14 14 14 2 2 2 3 3 3 3 3 3 3 2 2 2 2 2 2 2 2 2 2 14 14 2 14 14 16 14 2 2 2 2 2 2 2 2 2 2 2 2 2 15 14 14 14 14 14 14 14 14 14 14 2 3 4 4 14 2 2 2 2 2 14 14 14 2 2 2 2 2 2 2 2 30 31 14 14 14 14 14 14 14 14 14 14 14 14 14 15 2 2 2 14 14 14 14 14 2 2 2 2 2 2 2 14 14 14 14 14 14 14 14 14 14 14 2 2 14 14 16 14 14 14 2 2 2 2 2 2 2 2 1 
1 2 20 21 22 2 2 2 2 2 2 2 2 2 14 14 2 14 14 2 2 2 2 2 2 2 2 2 2 2 2 2 2 2 2 2 2 2 2 14 14 2 14 14 14 14 2 2 2 2 2 2 2 2 2 17 18 19 2 2 2 15 14 14 15 2 2 2 2 14 14 3 3 3 14 14 4 2 14 14 14 2 2 2 2 2 2 2 2 2 2 32 33 2 2 2 2 2 2 2 2 2 2 2 14 14 15 2 2 2 2 14 2 2 2 2 2 2 2 30 31 2 14 2 2 2 2 2 2 2 2 4 14 2 2 2 2 2 2 2 2 2 2 2 2 2 2 2 2 1 
1 2 23 24 25 2 2 2 2 2 2 17 18 19 14 14 14 14 14 2 2 2 2 2 2 2 14 4 2 2 2 2 2 2 2 2 2 2 2 14 14 2 14 14 14 2 2 2 2 2 2 2 2 2 2 20 21 22 2 2 2 15 14 14 15 2 2 2 2 2 14 2 2 2 2 2 2 2 2 2 2 14 14 14 14 14 2 2 2 2 2 2 2 14 14 14 14 14 14 14 14 14 14 14 2 2 14 14 16 14 14 14 2 2 2 2 2 2 2 32 33 2 23 24 25 2 2 2 15 14 14 15 2 2 2 2 2 2 14 2 2 2 2 2 2 2 2 2 2 1 
1 2 2 2 2 2 2 2 2 3 2 20 21 22 14 14 14 14 14 2 2 2 2 2 2 2 14 14 14 14 14 14 14 14 14 14 14 2 2 14 14 16 14 14 14 2 2 2 2 2 2 2 2 2 2 23 24 25 2 2 2 15 14 14 15 2 2 2 2 2 2 14 2 2 2 2 2 2 2 2 2 2 14 2 2 2 2 2 2 2 2 2 2 14 2 2 2 2 2 2 2 2 4 14 2 2 2 2 2 2 2 2 2 2 2 2 2 2 14 14 14 14 14 14 14 14 14 14 14 16 2 2 2 2 2 2 2 2 2 2 2 2 2 2 15 14 14 15 2 1 
1 2 2 2 2 2 2 2 2 2 2 23 24 25 2 14 2 2 2 2 2 2 2 2 2 2 14 2 2 2 2 2 2 2 2 4 14 2 2 2 2 2 2 2 2 2 2 2 2 2 2 14 14 14 14 14 14 14 14 14 14 14 16 2 2 2 2 2 2 2 2 2 2 2 2 2 2 15 14 14 15 14 14 14 14 14 2 2 2 2 2 2 2 14 2 2 2 2 2 2 2 2 2 14 2 2 2 2 2 2 2 2 2 14 14 14 14 14 14 15 16 15 16 15 16 15 16 14 14 15 2 2 2 2 2 2 2 2 2 2 2 2 2 2 16 14 14 15 2 1 
1 2 2 2 2 2 14 14 14 14 14 14 14 14 14 14 14 14 14 2 2 2 2 2 2 2 14 2 2 2 2 2 2 2 2 2 14 2 2 2 2 2 2 2 2 2 14 14 14 14 14 14 15 16 15 16 15 16 15 16 14 14 15 2 2 26 27 2 2 2 2 2 2 2 2 2 2 16 14 14 15 14 14 3 2 14 14 14 14 2 2 2 2 14 2 2 2 2 2 2 2 2 2 11 14 2 2 2 2 2 2 2 14 14 2 30 31 14 14 15 2 2 2 2 2 2 15 14 14 16 2 2 2 2 2 2 2 14 14 2 2 2 2 2 15 14 14 15 2 1 
1 2 2 2 14 14 14 14 14 14 14 14 14 14 14 14 3 2 14 14 14 14 2 2 2 2 14 2 2 2 2 2 2 2 2 2 11 14 2 2 2 2 2 2 2 14 14 2 2 2 14 14 15 2 2 2 2 2 2 15 14 14 16 2 2 28 29 2 2 2 14 14 2 2 2 2 2 15 14 14 15 2 14 14 14 14 14 14 14 14 14 14 14 14 14 14 14 14 14 14 15 2 2 2 14 2 2 2 2 2 14 14 14 2 2 32 33 14 14 16 2 2 2 2 2 2 16 14 14 15 2 2 2 2 2 2 14 14 2 2 2 2 2 2 16 14 14 15 2 1 
1 2 2 2 14 14 14 2 2 2 2 2 2 2 2 14 14 14 14 14 14 14 14 14 14 14 14 14 14 14 14 14 14 15 2 2 2 14 2 2 2 2 2 14 14 14 2 2 2 2 14 14 16 2 2 2 2 2 2 16 14 14 15 2 2 2 2 2 2 14 14 2 2 2 2 2 2 16 14 14 15 2 2 2 2 2 2 14 14 14 14 14 14 14 14 14 14 14 14 14 15 2 2 2 14 14 4 2 14 14 14 2 2 2 2 2 2 14 14 15 2 2 2 2 2 2 15 14 14 16 2 2 2 2 2 14 14 2 2 2 2 2 2 2 15 14 14 15 2 1 
1 2 2 2 14 14 2 2 2 2 2 2 2 2 2 2 2 2 2 2 14 14 14 14 14 14 14 14 14 14 14 14 14 15 2 2 2 14 14 4 2 14 14 14 2 2 2 2 2 2 14 14 15 2 2 2 2 2 2 15 14 14 16 2 2 2 2 2 14 14 2 2 2 2 2 2 2 15 14 14 15 2 2 2 2 2 2 2 2 2 2 2 2 2 2 2 2 2 14 14 15 2 2 2 2 4 14 14 14 2 2 2 2 2 2 2 2 2 14 16 2 2 2 2 2 2 16 14 14 15 2 2 2 2 2 14 3 2 2 2 2 2 2 2 16 14 14 15 2 1 
1 2 2 2 14 14 2 2 2 2 2 2 2 2 2 2 2 2 2 2 2 2 2 2 2 2 2 2 2 2 2 14 14 15 2 2 2 2 4 14 14 14 2 2 2 2 2 2 2 2 2 14 16 2 2 2 2 2 2 16 14 14 15 2 2 2 2 2 14 3 2 2 2 2 2 2 2 16 14 14 15 2 2 2 2 2 2 2 2 2 2 2 2 2 2 2 2 15 14 14 15 2 2 2 2 2 2 2 2 2 2 2 2 2 2 2 2 2 14 15 2 2 2 2 2 2 15 14 14 16 2 2 2 2 2 14 2 2 2 2 2 2 2 2 15 14 14 15 2 1 
1 2 2 2 14 14 2 2 2 2 2 2 2 2 2 2 2 2 2 2 2 2 2 2 2 2 2 2 2 2 15 14 14 15 2 2 2 2 2 2 2 2 2 2 2 2 2 2 2 2 2 14 15 2 2 2 2 2 2 15 14 14 16 2 2 2 2 2 14 2 2 2 2 2 2 2 2 15 14 14 15 2 2 2 2 2 2 17 2 2 2 2 2 2 2 2 2 15 14 14 15 2 2 2 2 2 2 2 2 17 18 19 2 2 2 2 2 2 14 16 2 2 2 2 2 2 16 14 14 15 2 2 2 2 2 14 14 2 2 2 2 2 2 2 16 14 14 15 2 1 
1 2 2 2 14 14 2 2 2 2 2 2 2 2 2 2 2 2 2 2 26 27 2 2 2 2 2 2 2 2 15 14 14 15 2 2 2 2 2 2 2 2 17 18 19 2 2 2 2 2 2 14 16 2 2 2 2 2 2 16 14 14 15 2 2 2 2 2 14 14 2 2 2 2 2 2 2 16 14 14 15 2 2 2 2 2 2 2 2 2 2 2 26 27 2 2 2 15 14 14 15 2 2 2 2 2 2 2 2 20 21 22 2 2 2 2 2 2 14 15 15 15 2 2 2 2 15 14 14 16 16 15 16 16 16 14 14 15 16 15 16 15 16 15 15 14 14 15 2 1 
1 2 2 2 14 14 2 2 2 2 2 2 2 2 2 2 2 2 2 2 28 29 2 2 2 2 2 2 2 2 15 14 14 15 2 2 2 2 2 2 2 2 20 21 22 2 2 2 2 2 2 14 15 15 15 2 2 2 2 15 14 14 16 16 15 16 16 16 14 14 15 16 15 16 15 16 15 15 14 14 15 3 3 3 2 2 2 2 2 2 2 2 28 29 2 2 2 15 14 14 15 2 2 2 2 2 2 2 2 23 24 25 2 2 2 2 2 2 14 14 14 15 2 2 2 2 16 14 14 14 14 14 14 14 14 14 14 14 14 14 14 14 14 14 14 14 14 15 2 1 
1 2 2 2 14 14 2 2 2 2 3 3 3 3 3 3 3 2 2 2 2 2 2 2 2 2 2 2 2 2 15 14 14 15 2 2 2 2 2 2 2 2 23 24 25 2 2 2 2 2 2 14 14 14 15 2 2 2 2 16 14 14 14 14 14 14 14 14 14 14 14 14 14 14 14 14 14 14 14 14 15 4 4 3 3 2 2 2 2 2 2 2 2 2 2 2 2 15 14 14 15 2 2 2 2 2 2 2 2 2 2 2 2 17 2 2 2 2 2 14 14 15 2 2 2 2 2 14 14 14 14 14 14 14 14 14 14 14 14 14 14 14 14 14 14 14 14 15 2 1 
1 2 2 2 14 14 2 2 2 2 3 4 4 4 4 4 3 3 2 2 2 2 2 2 2 2 2 2 2 2 15 14 14 15 2 2 2 2 2 2 2 2 2 2 2 2 26 27 2 2 2 2 14 14 15 2 2 2 2 2 14 14 14 14 14 14 14 14 14 14 14 14 14 14 14 14 14 14 14 14 15 4 4 3 3 2 2 2 2 3 3 2 2 2 2 2 2 15 14 14 15 2 2 2 2 2 2 2 2 2 2 2 2 2 2 2 2 30 31 14 14 15 2 2 2 2 2 2 2 14 14 15 16 15 16 15 16 15 16 15 16 15 16 15 16 15 16 15 2 1 
1 2 2 2 14 14 2 2 2 2 3 3 3 3 4 4 3 3 2 2 2 2 3 3 2 2 2 2 2 2 15 14 14 15 2 2 2 2 2 2 2 2 2 2 2 2 28 29 2 2 2 2 14 14 15 2 2 2 2 2 2 2 14 14 15 16 15 16 15 16 15 16 15 16 15 16 15 16 15 16 15 4 3 3 3 2 2 2 2 3 3 2 2 2 2 2 2 15 14 14 15 2 2 2 2 2 2 2 2 2 2 2 2 2 2 2 2 32 33 14 14 15 15 2 2 2 2 2 2 14 14 2 2 2 2 2 2 2 2 2 2 2 2 2 2 2 2 2 2 1 
1 2 2 2 14 14 2 2 2 2 3 4 4 4 4 3 3 3 2 2 2 2 3 3 2 2 2 2 2 2 15 14 14 15 2 2 2 2 2 2 2 2 2 2 2 2 2 2 2 2 2 2 14 14 15 15 2 2 2 2 2 2 14 14 2 2 2 2 2 2 2 2 2 2 2 2 2 2 2 2 2 3 3 3 2 2 2 2 2 2 3 2 2 2 2 2 2 15 14 14 15 2 2 2 2 2 2 2 2 2 2 2 2 2 2 2 2 2 14 14 14 14 15 2 2 2 2 2 2 14 14 14 14 2 2 2 2 2 2 2 2 2 2 2 2 2 2 2 2 1 
1 2 2 2 14 14 2 2 2 2 3 3 3 3 3 3 3 2 2 2 2 2 2 3 2 2 2 2 2 2 15 14 14 15 2 2 2 2 2 2 2 2 2 2 2 2 2 2 2 2 2 14 14 14 14 15 2 2 2 2 2 2 14 14 14 14 2 2 2 2 2 2 2 2 2 2 2 2 2 2 2 2 2 2 2 2 2 2 2 2 3 2 2 2 2 2 2 15 14 14 15 2 2 2 2 2 2 2 2 17 2 2 2 2 2 2 2 2 14 14 14 14 15 2 2 2 2 2 2 2 14 14 14 2 2 2 2 2 2 2 2 2 2 2 2 2 2 2 5 1 
1 2 2 2 14 14 2 2 2 2 2 2 2 2 2 2 2 2 2 2 2 2 2 3 2 2 2 2 2 2 15 14 14 15 2 2 2 2 2 2 2 2 26 27 2 2 2 2 2 2 2 14 14 14 14 15 2 2 2 2 2 2 2 14 14 14 2 2 2 2 2 2 2 2 2 2 2 2 2 2 2 2 2 2 2 2 2 2 2 2 3 2 2 2 2 2 2 15 14 14 15 2 2 2 2 2 2 2 2 17 2 2 2 2 2 2 2 2 14 14 14 14 15 15 15 15 2 2 2 2 2 14 14 2 2 2 2 2 2 2 2 2 2 2 2 2 2 2 8 1 
1 2 2 2 14 14 2 2 2 2 2 2 2 2 2 2 2 2 2 2 2 2 2 3 2 2 2 2 2 2 15 14 14 15 2 2 2 2 2 2 2 2 28 29 2 2 2 2 2 2 2 14 14 14 14 15 15 15 15 2 26 27 2 2 14 14 2 2 2 2 2 2 2 2 2 2 2 2 2 2 2 2 2 2 30 31 2 2 2 2 3 2 2 2 2 2 2 14 14 15 15 2 2 2 17 18 19 2 2 2 2 2 2 2 2 2 2 2 14 14 14 14 14 14 14 15 2 2 2 2 2 14 14 2 2 2 2 2 2 2 2 2 2 16 16 16 16 2 11 1 
1 2 2 2 14 14 2 2 2 17 18 19 2 2 2 2 2 2 26 27 2 2 2 3 2 2 2 2 2 2 14 14 15 15 2 2 2 17 18 19 2 2 2 2 2 2 2 2 2 2 2 14 14 14 14 14 14 14 15 2 28 29 2 2 14 14 2 2 2 2 2 2 2 2 2 2 16 16 16 16 2 2 2 2 32 33 2 2 2 2 3 2 2 2 2 2 2 14 14 15 15 2 2 2 20 21 22 2 2 2 2 2 2 2 2 2 2 2 2 2 2 2 2 14 14 14 16 2 2 2 2 14 14 2 2 2 2 2 2 2 2 2 2 16 16 14 14 2 2 1 
1 2 2 2 14 14 2 2 2 20 21 22 2 2 2 2 2 2 28 29 2 2 2 3 2 2 2 2 2 2 14 14 15 15 2 2 2 20 21 22 2 2 2 2 2 2 2 2 2 2 2 2 2 2 2 2 14 14 14 16 2 2 2 2 14 14 30 31 2 2 2 2 2 2 2 2 16 16 14 14 2 2 2 2 2 2 2 2 2 2 3 2 2 2 2 2 2 14 14 15 15 2 2 2 23 24 25 2 2 2 2 2 2 2 2 2 2 2 2 2 2 2 2 4 14 14 16 2 2 2 2 14 14 2 2 2 2 2 2 2 2 2 15 16 14 14 16 2 2 1 
1 2 2 2 14 14 2 2 2 23 24 25 2 2 2 2 2 2 2 2 2 2 2 3 2 2 2 2 2 2 14 14 15 15 2 2 2 23 24 25 2 2 2 2 2 2 26 27 2 2 2 2 2 2 2 2 4 14 14 16 2 2 2 2 14 14 32 33 2 2 2 2 2 2 2 15 16 14 14 16 2 2 2 2 2 2 2 2 2 2 3 2 2 2 2 2 2 14 14 14 14 14 14 14 14 14 14 14 14 14 14 2 2 2 2 2 2 2 2 2 2 2 15 2 14 14 16 2 2 2 2 14 14 14 14 14 2 2 2 2 2 2 2 16 14 16 16 2 2 1 
1 2 2 2 14 14 2 2 2 2 2 2 2 2 2 2 2 2 2 2 2 2 2 3 2 2 2 2 2 2 14 14 14 14 14 14 14 14 14 14 14 14 14 14 2 2 28 29 2 2 2 2 2 2 2 15 2 14 14 16 2 2 2 2 14 14 14 14 14 2 2 2 2 2 2 2 16 14 16 16 2 2 2 2 2 2 26 27 2 2 3 2 2 2 2 2 2 14 14 14 14 14 14 14 14 14 14 14 14 14 14 2 2 2 2 2 2 2 2 2 2 2 15 2 14 14 16 2 2 2 2 14 14 14 14 14 2 2 2 2 2 15 2 16 14 16 2 2 2 1 
1 2 2 2 14 14 2 2 2 2 2 2 2 2 26 27 2 2 2 26 27 2 2 3 2 2 2 2 2 2 14 14 14 14 14 14 14 14 14 14 14 14 14 14 2 2 2 2 2 2 2 2 2 2 2 15 2 14 14 16 2 2 2 2 14 14 14 14 14 2 2 2 2 2 15 2 16 14 16 2 2 17 2 2 2 2 28 29 2 2 2 2 2 2 2 2 2 14 14 14 14 15 15 15 14 14 14 14 14 14 14 2 2 2 2 2 2 2 2 2 2 2 15 2 14 14 16 2 2 2 2 2 2 2 14 14 2 2 2 2 2 2 2 16 14 16 2 2 2 1 
1 2 2 2 14 14 2 2 2 2 2 2 2 2 28 29 2 2 2 28 29 2 2 2 2 2 2 2 2 2 14 14 14 14 15 15 15 14 14 14 14 14 14 14 2 2 2 2 2 2 2 2 2 2 2 15 2 14 14 16 2 2 2 2 2 2 2 14 14 2 2 2 2 2 2 2 16 14 16 2 2 2 2 2 2 2 2 2 2 26 27 2 2 2 2 2 2 14 14 14 14 15 2 15 15 15 15 15 15 14 14 15 16 15 16 15 16 15 2 2 2 2 15 14 14 14 16 2 2 2 2 2 2 2 14 14 4 2 2 2 2 2 15 16 14 16 2 2 2 1 
1 2 2 2 14 14 2 2 2 2 2 2 2 2 2 2 2 2 2 2 2 2 17 26 27 2 2 2 2 2 14 14 14 14 15 2 15 15 15 15 15 15 14 14 15 16 15 16 15 16 15 2 2 2 2 15 14 14 14 16 2 2 2 2 2 2 2 14 14 4 2 2 2 2 2 15 16 14 16 2 2 19 2 2 2 2 2 2 2 28 29 17 2 2 2 2 2 14 14 14 14 15 2 2 2 2 2 2 15 14 14 14 14 14 14 14 14 14 2 2 2 2 15 14 14 16 16 2 2 2 2 2 2 2 14 14 14 14 14 14 14 14 14 14 14 16 2 2 2 1 
1 2 2 2 14 14 2 2 2 2 2 2 17 18 19 2 2 2 2 2 2 2 17 28 29 2 2 2 2 2 14 14 14 14 15 2 2 2 2 2 2 15 14 14 14 14 14 14 14 14 14 2 2 2 2 15 14 14 16 16 2 2 2 2 2 2 2 14 14 14 14 14 14 14 14 14 14 14 16 2 2 22 2 2 2 2 2 2 2 2 2 2 2 2 2 2 2 2 14 14 14 15 2 2 2 2 2 2 15 14 14 14 14 14 14 14 14 14 2 2 2 2 15 14 14 16 2 2 2 2 2 2 2 2 14 14 14 14 14 14 14 14 14 14 14 14 14 2 2 1 
1 2 2 2 14 14 14 14 2 2 2 2 20 21 22 2 2 2 2 2 2 2 2 2 2 2 2 2 2 2 2 14 14 14 15 2 2 2 2 2 2 15 14 14 14 14 14 14 14 14 14 2 2 2 2 15 14 14 16 2 2 2 2 2 2 2 2 14 14 14 14 14 14 14 14 14 14 14 14 14 2 25 2 2 2 2 2 2 2 2 2 2 2 2 2 2 2 2 2 14 14 15 2 2 2 2 2 2 15 14 14 15 15 15 15 15 15 15 2 2 2 2 15 14 14 16 2 30 31 2 2 2 2 2 2 2 2 2 2 2 2 2 2 16 16 16 14 2 2 1 
1 2 2 2 14 14 14 14 14 14 2 2 23 24 25 2 2 2 2 2 2 2 2 2 2 2 2 2 2 2 2 2 14 14 15 2 2 2 2 2 2 15 14 14 15 15 15 15 15 15 15 2 2 2 2 15 14 14 16 2 2 2 2 2 2 2 2 2 2 2 2 2 2 2 2 2 16 16 16 14 2 2 2 2 2 3 2 2 2 2 2 2 2 2 2 2 2 2 2 14 14 15 2 2 17 18 19 2 15 14 14 15 2 2 2 2 2 15 2 2 2 2 15 14 14 16 2 32 33 2 2 2 2 2 2 2 2 2 2 2 2 2 2 2 2 2 2 2 2 1 
1 2 2 2 2 2 2 14 14 14 14 2 2 2 2 2 2 2 3 2 2 2 2 2 2 2 2 2 2 2 2 2 14 14 15 2 2 17 18 19 2 15 14 14 15 2 2 2 2 2 15 2 2 2 2 15 14 14 16 2 2 2 2 2 2 2 2 2 2 2 2 2 2 2 2 2 2 2 2 2 2 2 2 2 2 3 2 2 2 2 2 2 2 2 3 3 3 2 2 14 14 15 2 2 20 21 22 2 15 14 14 15 2 2 2 2 2 15 2 2 2 2 15 14 14 16 2 2 2 2 2 2 2 2 2 2 2 2 2 2 2 2 2 2 2 2 14 2 2 1 
1 2 2 2 2 2 2 2 2 14 14 14 2 2 2 2 2 2 3 2 2 2 2 2 2 2 2 3 3 3 2 2 14 14 15 2 2 20 21 22 2 15 14 14 15 2 2 2 2 2 15 2 2 2 2 15 14 14 16 2 2 2 2 2 2 2 2 2 2 2 2 2 2 2 2 2 2 2 2 14 2 2 2 2 2 3 3 2 2 2 2 3 3 3 3 2 2 2 2 14 14 15 2 2 23 24 25 2 15 14 14 15 2 2 2 2 2 15 2 2 2 2 15 14 14 16 2 2 2 2 3 3 3 2 2 2 2 2 2 2 2 2 2 2 2 2 14 2 2 1 
1 2 2 2 2 2 2 2 2 2 14 14 14 2 2 2 2 2 3 3 2 2 2 2 3 3 3 3 2 2 2 2 14 14 15 2 2 23 16 16 16 16 16 16 2 2 2 2 2 2 2 2 2 2 2 2 14 2 2 2 2 14 14 15 2 2 2 2 2 2 15 15 15 15 2 2 2 2 2 15 14 14 14 14 14 14 14 2 2 2 2 2 2 2 2 2 2 2 2 2 2 2 2 14 2 2 2 2 2 2 2 2 2 2 2 2 2 15 14 14 14 14 14 14 14 16 2 2 2 2 2 2 3 3 3 2 2 2 2 2 2 2 2 2 2 2 2 2 2 1 
1 2 2 2 2 2 2 2 2 2 2 14 14 2 2 2 2 2 2 3 3 3 3 3 2 2 2 2 2 2 2 2 14 14 15 2 2 2 14 14 14 14 16 16 2 2 2 2 2 2 2 2 2 2 2 2 14 2 2 2 2 14 14 15 2 2 2 2 2 2 2 2 2 2 2 2 2 2 2 15 14 14 14 14 14 14 14 2 2 2 2 2 2 2 2 2 2 2 2 2 2 2 2 14 14 2 2 2 2 2 2 2 2 2 2 2 2 15 14 14 14 14 14 14 14 16 15 2 2 2 2 2 2 2 3 3 3 2 2 2 2 2 2 2 2 2 2 2 2 1 
1 2 2 2 2 2 2 2 2 2 2 14 14 2 2 2 2 2 2 2 2 2 2 2 2 2 2 2 2 2 2 2 14 14 15 2 2 2 14 14 14 14 16 2 2 2 2 2 2 2 2 2 2 2 2 2 14 2 2 2 2 14 14 15 2 2 2 2 2 2 2 2 2 2 2 2 2 2 2 15 14 14 14 14 14 14 14 14 2 2 17 18 19 2 2 2 2 2 2 2 2 2 2 2 14 2 2 2 2 2 2 2 2 2 2 2 2 15 14 14 14 14 14 14 14 14 15 2 2 2 2 2 2 2 2 2 3 3 3 2 2 2 2 2 2 2 2 2 2 1 
1 2 2 2 2 2 2 2 2 2 2 14 14 2 2 2 2 2 2 2 2 2 2 2 2 2 2 2 2 2 2 2 14 14 15 2 2 2 2 2 14 14 16 2 2 2 3 3 3 3 3 3 3 2 2 2 14 2 2 2 2 14 14 15 16 15 16 15 16 15 16 15 16 2 2 2 2 2 2 2 2 15 14 14 14 14 14 14 2 2 20 21 22 2 2 2 2 2 2 2 2 2 2 2 14 14 2 2 2 2 2 2 16 15 2 2 2 2 2 15 14 14 14 14 14 14 15 2 2 2 2 2 2 2 2 2 2 2 2 2 2 2 2 2 2 2 2 2 2 1 
1 2 2 2 2 2 2 2 2 2 2 14 14 2 2 2 2 2 2 2 2 2 2 2 2 2 2 2 2 2 2 2 14 14 15 16 15 16 2 2 14 14 16 2 2 2 3 4 4 4 4 4 3 3 2 2 2 2 2 2 2 14 14 14 14 14 14 14 14 14 14 14 14 2 2 2 2 2 2 2 2 15 14 14 14 14 14 14 2 2 23 24 25 2 2 3 3 3 3 3 3 3 2 2 2 14 14 14 2 2 2 2 2 2 2 2 2 2 2 15 14 14 14 14 14 14 15 2 2 2 2 2 2 2 2 2 2 2 2 2 2 2 2 2 2 2 3 2 2 1 
1 2 2 2 2 2 2 2 2 2 2 14 14 2 2 2 2 2 2 2 2 2 2 2 2 2 2 2 2 2 2 2 14 14 14 14 14 14 2 2 14 14 16 2 2 2 3 3 3 3 4 4 3 3 2 2 2 2 2 2 2 14 14 14 14 14 14 14 16 14 2 2 2 2 2 2 2 2 2 2 2 15 14 14 14 14 14 14 2 2 2 2 2 2 2 3 4 4 4 4 4 3 3 2 2 30 31 14 14 14 14 14 2 2 2 2 2 2 2 15 14 14 14 14 14 14 15 2 2 2 2 17 18 19 2 2 2 2 2 2 2 2 2 2 2 3 3 2 2 1 
1 2 2 2 2 16 16 16 16 16 16 2 2 2 2 2 2 2 2 2 2 2 2 14 2 2 2 2 14 14 15 2 2 2 2 2 2 15 15 15 15 2 2 2 2 2 15 14 14 14 14 14 14 14 2 2 2 2 2 2 2 2 2 2 2 2 2 2 2 2 14 2 2 2 2 2 2 2 2 2 2 2 2 15 14 14 14 14 2 2 2 2 2 2 2 3 3 3 3 4 4 3 3 2 2 32 33 2 2 2 2 2 2 2 2 2 2 2 2 2 2 15 14 14 14 14 15 2 2 2 2 20 21 22 2 2 2 14 2 2 2 2 2 2 2 3 2 2 2 1 
1 2 2 2 2 14 14 14 14 16 16 2 2 2 2 2 2 2 2 2 2 2 2 14 2 2 2 2 14 14 15 2 2 2 2 2 2 2 2 2 2 2 2 2 2 2 15 14 14 14 14 14 14 14 2 2 2 2 2 2 2 2 2 2 2 2 2 2 2 2 14 14 2 2 2 2 2 2 2 2 2 2 2 15 14 14 14 14 14 14 14 14 14 14 2 3 4 4 4 4 3 3 3 2 2 2 2 2 2 2 2 2 2 2 2 2 2 2 2 2 2 15 14 14 14 14 15 2 2 2 2 23 24 25 2 2 2 14 2 2 2 2 2 2 2 3 2 2 2 1 
1 2 2 2 2 14 14 14 14 16 2 2 2 2 2 2 2 2 2 2 2 2 2 14 2 2 2 2 14 14 15 2 2 2 2 2 2 2 2 2 2 2 2 2 2 2 15 14 14 14 14 14 14 14 14 2 2 17 18 19 2 2 2 2 2 2 2 2 2 2 2 14 2 2 2 2 2 2 2 17 18 19 2 2 2 15 14 14 15 2 2 2 2 14 14 3 3 3 3 3 3 3 2 2 2 2 2 2 2 2 2 2 2 2 2 17 18 19 2 2 2 2 2 15 14 14 15 2 2 2 2 2 2 2 2 2 14 14 2 2 2 2 2 2 2 3 2 2 2 1 
1 2 2 2 2 2 2 14 14 16 2 2 2 3 3 3 3 3 3 3 2 2 2 14 2 2 2 2 14 14 15 16 15 16 15 16 15 16 15 16 2 2 2 2 2 2 2 2 15 14 14 14 14 14 14 2 2 20 21 22 2 2 2 2 2 2 2 2 2 2 2 14 14 2 2 2 2 2 2 20 21 22 2 2 2 15 14 14 15 2 2 2 2 2 14 2 2 2 2 2 2 2 2 2 2 2 2 2 2 2 2 2 2 2 2 20 21 22 2 2 2 2 2 15 14 14 15 2 2 2 2 2 2 2 2 14 14 2 2 2 2 2 2 2 2 3 2 2 2 1 
1 2 2 2 2 2 2 14 14 16 2 2 2 3 4 4 4 4 4 3 3 2 2 2 2 2 2 2 14 14 14 14 14 14 14 14 14 14 14 14 2 2 2 2 2 2 2 2 15 14 14 14 14 14 14 2 2 23 24 25 2 2 3 3 3 3 3 3 3 2 2 2 14 14 14 2 2 2 2 23 24 25 2 2 2 15 14 14 15 2 2 2 2 2 2 14 2 2 2 2 2 2 2 2 2 2 2 2 2 2 2 2 2 2 2 23 24 25 2 2 2 2 2 15 14 14 15 2 2 2 2 2 2 2 14 14 2 2 2 2 2 2 2 2 2 3 2 2 2 1 
1 2 2 2 2 2 2 14 14 16 2 2 2 3 3 3 3 4 4 3 3 2 2 2 2 2 2 2 14 14 14 14 14 14 14 16 14 2 2 2 2 2 2 2 2 2 2 2 15 14 14 14 14 14 14 2 2 2 2 2 2 2 3 4 4 4 4 4 3 3 2 2 2 2 14 14 14 14 14 14 14 14 14 14 14 14 16 2 2 2 2 2 2 2 2 2 2 2 2 2 2 15 14 14 15 2 2 2 4 4 4 4 14 14 2 2 2 2 2 2 2 2 2 14 14 2 2 2 2 2 2 2 14 14 14 2 2 2 2 2 2 2 2 2 2 3 2 2 2 1 
1 2 2 2 2 14 14 14 14 14 2 2 2 3 4 4 4 4 3 3 3 2 2 2 2 2 2 2 15 16 14 14 16 14 14 16 14 2 2 2 2 2 2 16 16 16 16 16 16 2 2 2 2 2 2 2 2 2 2 2 2 14 2 2 2 2 14 14 15 2 2 2 2 2 2 15 15 15 15 2 2 2 2 2 15 14 14 14 14 14 14 14 2 2 2 2 2 2 2 2 2 2 2 2 2 2 2 2 14 2 2 2 2 2 2 2 17 18 19 2 2 2 2 2 14 14 14 2 2 2 14 14 14 30 31 2 2 2 2 2 2 2 2 2 2 3 2 2 2 1 
1 2 2 2 2 14 14 16 16 16 16 16 16 2 2 2 2 2 2 2 2 2 2 2 2 14 2 2 2 2 14 14 15 2 2 2 2 2 2 15 15 15 15 14 14 14 14 16 16 2 2 2 2 2 2 2 2 2 2 2 2 14 2 2 2 2 14 14 15 2 2 2 2 2 2 2 2 2 2 2 2 2 2 2 15 14 14 14 14 14 14 14 2 2 2 2 2 2 2 2 2 2 2 2 2 2 2 2 14 14 2 2 2 2 2 2 20 21 22 2 2 2 2 2 2 2 14 14 14 14 2 2 2 32 33 2 2 2 2 2 2 2 2 2 2 3 3 3 2 1 
1 2 2 2 2 14 14 14 14 14 14 16 16 2 2 2 2 2 2 2 2 2 2 2 2 14 2 2 2 2 14 14 15 2 2 2 2 2 2 2 2 2 2 14 14 14 14 16 2 2 2 2 2 2 2 2 2 2 2 2 2 14 2 2 2 2 14 14 15 2 2 2 2 2 2 2 2 2 2 2 2 2 2 2 15 14 14 14 14 14 14 14 14 2 2 17 18 19 2 2 2 2 2 2 2 2 2 2 2 14 2 2 2 2 2 2 23 24 25 2 2 2 2 17 18 19 2 2 2 2 2 2 2 2 2 2 2 2 2 2 2 2 2 2 2 2 2 2 2 1 
1 2 2 2 2 14 14 14 14 14 14 16 2 2 2 2 2 2 2 2 2 2 2 2 2 14 2 2 2 2 14 14 15 2 2 2 2 2 2 2 2 2 2 2 2 14 14 16 2 2 2 3 3 3 3 3 3 3 2 2 2 14 2 2 2 2 14 14 15 16 15 16 15 16 15 16 15 16 2 2 2 2 2 2 2 2 15 14 14 14 14 14 14 2 2 20 21 22 2 2 2 2 2 2 2 2 2 2 2 14 14 2 2 2 2 2 2 2 2 2 2 2 2 20 21 22 2 2 2 2 2 2 2 2 2 2 2 2 26 27 2 2 2 2 2 2 2 2 2 1 
1 2 2 2 2 14 14 2 2 14 14 16 2 2 2 3 3 3 3 3 3 3 2 2 2 14 2 2 2 2 14 14 15 16 15 16 15 16 15 16 15 16 2 2 2 14 14 16 2 2 2 3 4 4 4 4 4 3 3 2 2 2 2 2 2 2 14 14 14 14 14 14 14 14 14 14 14 14 2 2 2 2 2 2 2 2 15 14 14 14 14 14 14 2 2 23 24 25 2 2 3 3 3 3 3 3 3 2 2 2 14 14 14 2 2 2 2 2 2 2 2 2 2 23 24 25 2 2 2 2 2 2 2 2 2 2 2 2 28 29 2 2 2 2 2 2 2 2 2 1 
1 2 2 2 2 2 14 2 2 14 14 16 2 2 2 3 4 4 4 4 4 3 3 2 2 2 2 2 2 2 14 14 14 14 14 14 14 14 14 14 14 14 2 2 2 14 14 16 2 2 2 3 3 3 3 4 4 3 3 2 2 2 2 2 2 2 16 16 16 16 16 16 2 2 2 2 2 2 2 2 2 2 2 2 14 2 2 2 2 14 14 15 2 2 2 2 2 2 15 15 15 15 2 2 2 2 2 15 14 14 14 14 14 14 14 2 2 2 2 2 2 2 2 2 2 2 2 2 2 2 2 14 2 2 2 2 2 2 2 2 17 18 19 2 2 2 2 2 2 1 
1 2 2 2 2 14 14 2 2 14 14 16 2 2 2 3 3 3 3 4 4 3 3 2 2 2 2 2 2 2 14 14 14 14 14 14 14 16 14 2 2 2 2 14 14 14 14 14 2 2 2 3 4 4 4 4 3 3 3 2 2 2 2 2 2 2 14 14 14 14 16 16 2 2 2 2 2 2 2 2 2 2 2 2 14 2 2 2 2 14 14 15 2 2 2 2 2 2 2 2 2 2 2 2 2 2 2 15 14 14 14 14 14 14 14 2 2 2 2 2 2 2 2 2 2 2 2 2 2 2 2 14 14 2 2 2 2 2 2 2 20 21 22 2 2 2 2 2 2 1 
1 2 2 2 2 14 14 14 14 14 14 14 2 2 2 3 4 4 4 4 3 3 3 2 2 2 2 2 2 2 15 16 14 14 16 14 14 16 14 2 2 2 2 14 14 14 14 14 2 2 2 3 3 3 3 3 3 3 2 2 2 2 2 2 2 2 14 14 14 14 16 2 2 2 2 2 2 2 2 2 2 2 2 2 14 2 2 2 2 14 14 15 2 2 2 2 2 2 2 2 2 2 2 2 2 2 2 15 14 14 14 14 14 14 14 14 2 2 17 18 19 2 2 2 2 2 2 2 2 2 2 2 14 2 2 2 2 2 2 2 23 24 25 2 2 2 2 2 2 1 
1 2 2 2 2 2 14 14 14 14 14 14 2 2 2 3 3 3 3 3 3 3 2 2 2 2 2 2 2 2 2 2 14 14 2 14 14 16 14 2 2 2 2 14 14 2 14 14 2 2 2 2 2 2 2 2 2 2 2 2 2 2 2 2 2 2 2 2 14 14 16 2 2 2 3 3 3 3 3 3 3 2 2 2 14 2 2 2 2 14 14 15 16 15 16 15 16 15 16 15 16 2 2 2 2 2 2 2 2 15 14 14 14 14 14 14 2 2 20 21 22 2 2 2 2 2 2 2 2 2 2 2 14 14 2 2 2 2 2 2 2 2 2 2 2 2 2 2 2 1 
1 2 2 2 2 2 2 14 14 2 14 14 2 2 2 2 2 2 2 2 2 2 2 2 2 2 2 2 2 2 2 2 14 14 2 14 14 14 14 2 2 2 2 14 14 14 14 14 2 2 2 2 2 2 2 14 4 2 2 2 2 2 2 2 2 2 2 2 14 14 16 2 2 2 3 4 4 4 4 4 3 3 2 2 2 2 2 2 2 14 14 14 14 14 14 14 14 14 14 14 14 2 2 2 2 2 2 2 2 15 14 14 14 14 14 14 2 2 23 24 25 2 2 3 3 3 3 3 3 3 2 2 2 14 14 14 2 2 2 2 2 2 2 2 26 27 2 2 2 1 
1 2 2 2 2 2 2 14 14 14 14 14 2 2 2 2 2 2 2 14 4 2 2 2 2 2 2 2 2 2 2 2 14 14 2 14 14 14 2 2 2 2 2 14 14 14 14 14 2 2 2 2 2 2 2 14 14 14 14 14 14 14 14 14 14 14 2 2 14 14 16 2 2 2 3 3 3 3 4 4 3 3 2 2 2 2 2 2 2 14 14 14 14 14 14 14 16 14 2 2 2 2 2 2 2 2 2 2 2 15 14 14 14 14 14 14 2 2 2 2 2 2 2 3 4 4 4 4 4 3 3 2 2 2 2 14 14 14 14 14 2 2 2 2 28 29 2 2 2 1 
1 2 2 2 2 2 2 14 14 14 14 14 2 2 2 2 2 2 2 14 14 14 14 14 14 14 14 14 14 14 2 2 14 14 16 14 14 14 2 2 2 2 2 2 14 2 2 2 2 2 2 2 2 2 2 14 2 2 2 2 2 2 2 2 4 14 14 14 14 14 14 2 2 2 3 4 4 4 4 3 3 3 2 2 30 31 2 2 2 15 16 14 14 16 14 14 16 14 2 2 2 2 2 2 2 2 2 2 2 2 2 15 14 14 14 14 2 2 2 2 2 2 2 3 3 3 3 4 4 3 3 2 2 30 31 2 2 2 2 2 2 2 2 2 2 2 2 2 2 1 
1 2 2 2 2 2 2 2 14 2 2 2 2 2 2 2 2 2 2 14 2 2 2 2 2 2 2 2 4 14 2 2 2 2 2 2 2 2 2 2 2 2 2 14 14 14 14 14 2 2 2 2 2 2 2 14 2 2 2 2 2 2 2 2 2 14 14 14 14 14 14 2 2 2 3 3 3 3 3 3 3 2 2 2 32 33 2 2 2 2 2 14 14 2 14 14 16 14 2 2 2 2 2 2 2 2 2 2 2 2 2 15 14 14 14 14 14 14 14 14 14 14 2 3 4 4 4 4 3 3 3 2 2 32 33 2 2 2 2 2 2 2 2 2 2 2 2 2 2 1 
1 2 2 2 2 2 2 14 14 14 14 14 2 2 2 2 2 2 2 14 2 2 2 2 2 2 2 2 2 14 2 2 2 2 2 2 2 2 2 14 14 14 14 14 14 3 2 14 14 14 14 2 2 2 2 14 2 2 2 2 2 2 2 2 2 11 14 14 2 14 14 2 2 2 2 2 2 2 2 2 2 2 2 2 2 2 2 2 2 2 2 14 14 2 14 14 14 14 2 2 2 2 2 2 2 2 2 17 18 19 2 2 2 15 14 14 15 2 2 2 2 14 14 3 3 3 3 3 3 3 2 2 2 2 2 2 2 2 2 2 2 17 18 19 2 2 2 2 2 1 
1 2 2 2 2 3 3 14 14 3 2 14 14 14 14 2 2 2 2 14 2 2 2 2 2 2 2 2 2 11 14 2 2 2 2 2 2 2 14 14 2 2 2 2 14 14 14 14 14 14 14 14 14 14 14 14 14 14 14 14 14 14 15 2 2 2 14 14 14 14 14 2 2 2 2 2 2 2 14 4 2 2 2 2 2 2 2 2 2 2 2 14 14 2 14 14 14 2 2 2 2 2 2 2 2 2 2 20 21 22 2 2 2 15 14 14 15 2 2 2 2 2 14 2 2 2 2 2 2 2 2 2 2 2 2 2 2 2 2 2 2 20 21 22 2 2 2 2 2 1 
1 2 2 2 2 4 4 2 14 14 14 14 14 14 14 14 14 14 14 14 14 14 14 14 14 14 15 2 2 2 14 2 2 2 2 2 14 14 14 2 2 2 2 2 2 2 2 2 2 14 14 14 14 14 14 14 14 14 14 14 14 14 15 2 2 2 14 14 14 14 14 2 2 2 2 2 2 2 14 14 14 14 14 14 14 14 14 14 14 2 2 14 14 16 14 14 14 2 2 2 2 2 2 2 2 2 2 23 24 25 2 2 2 15 14 14 15 2 2 2 2 2 2 14 2 2 2 2 2 2 2 2 2 2 2 2 2 2 2 2 2 23 24 25 2 2 2 2 2 1 
1 2 2 2 2 4 4 2 2 2 2 2 2 14 14 14 14 14 14 14 14 14 14 14 14 14 15 2 2 2 14 14 4 2 14 14 14 2 2 2 2 2 2 2 2 2 2 2 2 2 2 2 2 2 2 2 2 2 2 2 14 14 15 2 2 2 2 14 2 2 2 2 2 2 2 2 2 2 14 2 2 2 2 2 2 2 2 4 14 2 30 31 2 2 2 2 2 2 2 2 2 2 2 14 14 14 14 14 14 14 14 14 14 14 16 2 2 2 2 2 2 2 2 2 2 2 2 2 2 15 14 14 15 2 2 2 4 4 4 4 2 2 2 2 2 2 2 2 2 1 
1 2 2 2 2 4 3 2 2 2 2 2 2 2 2 2 2 2 2 2 2 2 2 2 14 14 15 2 2 2 2 4 14 14 14 2 2 2 2 2 2 2 2 2 2 2 2 2 2 2 2 2 2 2 2 2 2 2 2 15 14 14 15 2 2 2 14 14 14 14 14 2 2 2 2 2 2 2 14 2 2 2 2 2 2 2 2 2 14 2 32 33 2 2 2 2 2 2 14 14 14 14 14 14 15 16 15 16 15 16 15 16 14 14 15 2 2 2 2 2 2 2 2 2 2 2 2 2 2 16 14 14 15 2 2 4 2 2 2 2 2 2 2 2 17 18 19 2 2 1 
1 2 2 2 2 3 3 2 2 2 2 2 2 2 2 2 2 2 2 2 2 2 2 15 14 14 15 2 2 2 2 2 2 2 2 2 2 2 2 2 2 2 2 2 2 2 2 2 2 17 2 2 2 2 2 2 2 2 2 15 14 14 15 2 2 2 14 14 3 2 14 14 14 14 2 2 2 2 14 2 2 2 2 2 2 2 2 2 11 14 2 2 2 2 2 2 2 14 14 2 2 2 14 14 15 2 2 2 2 2 2 15 14 14 16 2 2 2 2 2 2 2 14 14 2 2 2 2 2 15 14 14 15 2 2 2 2 2 2 2 2 2 2 2 20 21 22 2 2 1 
1 2 2 2 2 2 2 2 2 2 2 2 2 17 2 2 2 2 2 2 2 2 2 15 14 14 15 2 2 2 2 2 2 2 2 17 18 19 2 2 2 2 2 2 2 2 2 2 2 2 2 2 2 2 2 2 2 2 2 15 14 14 15 2 2 2 2 14 14 14 14 14 14 14 14 14 14 14 14 14 14 14 14 14 14 14 14 14 2 2 2 2 2 2 2 2 2 2 2 15 2 14 14 16 2 2 2 2 14 14 14 14 14 2 2 2 2 2 2 2 16 14 16 16 2 2 2 2 2 2 17 17 2 2 3 2 2 2 2 2 2 14 14 14 23 24 25 2 2 1 
1 2 2 2 2 2 2 2 2 2 2 2 2 2 2 2 2 2 2 2 2 2 2 15 14 14 15 2 2 2 2 2 2 2 2 20 21 22 2 2 2 2 2 3 3 3 2 2 2 2 2 2 2 2 2 2 2 2 2 15 14 14 15 2 2 2 2 2 2 2 2 2 14 14 14 14 14 14 14 14 14 14 14 14 14 14 14 14 2 2 2 2 2 2 2 2 2 2 2 15 2 14 14 16 2 2 2 2 14 14 14 14 14 2 2 2 2 2 15 2 16 14 16 2 2 17 2 2 2 2 2 17 2 2 2 2 2 2 2 2 2 14 14 14 14 15 15 2 2 1 
1 2 2 2 2 2 2 3 3 3 2 2 2 2 2 2 2 2 2 2 2 2 2 15 14 14 15 2 2 2 2 2 2 2 2 23 24 25 2 2 2 2 2 4 4 3 3 2 2 2 2 2 2 2 2 2 2 2 2 15 14 14 15 2 2 2 2 2 2 2 2 2 2 2 14 14 14 14 15 15 15 14 14 14 14 14 14 14 2 2 2 2 2 2 2 2 2 2 2 15 2 14 14 16 2 2 2 2 2 2 2 14 14 2 2 2 2 2 2 2 16 14 16 2 2 2 2 2 2 2 2 2 2 17 2 2 2 2 2 2 2 14 14 14 14 15 2 2 2 1 
1 2 2 2 2 2 2 4 4 3 3 2 2 2 2 2 2 2 2 2 2 2 2 15 14 14 15 2 2 2 2 2 2 2 2 2 2 2 2 17 2 2 2 4 4 3 3 2 2 2 2 3 3 2 2 2 2 2 2 15 14 14 15 2 2 2 2 2 2 2 2 2 2 2 14 14 14 14 15 2 15 15 15 15 15 15 14 14 15 16 15 16 15 16 15 2 2 2 2 15 14 14 14 16 2 2 2 2 2 2 2 14 14 4 2 2 2 2 2 15 16 14 16 2 2 19 2 2 2 2 2 2 2 17 2 17 2 2 2 2 2 14 14 14 14 15 2 2 2 1 
1 2 2 2 2 2 2 4 4 3 3 2 2 2 2 3 3 2 2 2 2 2 2 15 14 14 15 2 2 2 2 2 2 2 2 2 2 2 2 2 2 2 2 4 3 3 3 2 2 2 2 3 3 2 2 2 2 2 2 15 14 14 14 14 14 14 14 14 14 14 14 14 14 14 14 14 14 14 15 2 2 2 2 2 2 15 14 14 14 14 14 14 14 14 14 2 2 2 2 15 14 14 16 16 2 2 30 31 2 2 2 14 14 14 14 14 14 14 14 14 14 14 16 2 2 22 2 2 2 2 2 2 2 2 2 2 2 2 2 2 2 2 14 14 14 15 2 2 2 1 
1 2 2 14 14 14 14 14 14 14 14 14 14 14 14 14 14 2 2 2 2 2 2 2 2 2 2 2 15 2 14 14 16 2 2 2 2 14 14 14 14 14 2 2 2 2 2 2 2 16 14 16 16 2 2 2 2 2 2 17 14 14 14 14 14 14 14 14 14 14 14 14 14 14 2 14 14 14 15 2 2 2 2 2 2 15 14 14 14 14 14 14 14 14 14 2 2 2 2 15 14 14 16 2 2 2 32 33 2 2 2 14 14 14 14 14 14 14 14 14 14 14 14 14 2 25 2 2 2 2 2 2 2 2 2 2 2 2 2 2 2 2 2 14 14 15 2 2 2 1 
1 2 2 14 14 14 14 14 14 14 14 14 14 14 14 14 14 2 2 2 2 2 2 2 2 2 2 2 15 2 14 14 16 2 2 2 2 14 14 14 14 14 2 2 2 2 2 15 2 16 14 16 2 2 17 2 2 2 2 2 14 14 14 14 15 15 15 14 14 14 14 14 14 14 2 2 14 14 15 2 2 2 2 2 2 15 14 14 15 15 15 15 15 15 15 2 2 2 2 15 14 14 16 2 2 2 2 2 2 2 2 2 2 2 2 2 2 2 2 2 16 16 16 14 2 2 2 2 2 3 2 2 2 2 2 2 2 2 2 2 2 2 2 14 14 15 2 2 2 1 
1 2 2 14 14 14 14 15 15 15 14 14 14 14 14 14 14 2 2 2 2 2 2 2 2 2 2 2 15 2 14 14 16 2 2 2 2 2 2 2 14 14 2 2 2 2 2 2 2 16 14 16 2 2 2 2 2 2 2 2 14 14 14 14 15 2 15 15 15 15 15 15 14 14 2 2 14 14 15 2 2 17 18 19 2 15 14 14 15 2 2 2 2 2 15 2 2 2 2 15 14 14 16 2 2 2 2 2 2 2 2 2 2 2 2 2 2 2 2 2 2 2 2 2 2 2 2 2 2 3 2 2 2 2 2 2 2 2 3 3 3 2 2 14 14 15 2 2 2 1 
1 2 2 14 14 14 14 15 2 15 15 15 15 15 15 14 14 15 16 15 16 15 16 15 2 2 2 2 15 14 14 14 16 2 2 2 2 2 2 2 14 14 4 2 2 2 2 2 15 16 14 16 2 2 19 2 2 2 2 2 14 14 14 14 15 2 2 2 2 2 2 15 14 14 2 2 14 14 15 2 2 20 21 22 2 15 14 14 15 2 2 2 2 2 15 2 2 2 2 15 14 14 16 2 2 2 2 2 2 2 2 2 2 2 2 2 2 2 2 2 2 2 2 14 2 2 2 2 2 3 3 2 2 2 2 3 3 3 3 2 2 2 2 14 14 15 2 2 2 1 
1 2 2 14 14 14 14 15 2 2 2 2 2 2 15 14 14 14 14 14 14 14 14 14 2 2 2 2 15 14 14 16 16 2 2 2 2 2 2 2 14 14 14 14 14 14 14 14 14 14 14 16 2 2 22 2 2 2 2 2 2 14 14 14 15 2 2 2 2 2 2 15 14 14 2 2 14 14 15 2 2 23 16 16 16 16 16 16 2 2 30 31 2 2 2 2 2 2 2 2 14 2 2 2 2 14 14 15 2 2 2 2 2 2 15 15 15 15 2 2 2 2 2 15 14 14 14 14 14 14 14 2 2 2 2 2 2 2 2 2 2 2 2 2 2 2 2 2 2 1 
1 2 2 2 14 14 14 15 2 2 2 2 2 2 15 14 14 14 14 14 14 14 14 14 2 2 2 2 15 14 14 16 2 2 2 2 2 2 2 2 14 14 14 14 14 14 14 14 14 14 14 14 14 2 25 2 2 2 2 2 2 2 14 14 15 2 2 2 2 2 2 15 14 14 2 2 14 14 15 2 2 2 14 14 14 14 16 16 2 2 32 33 2 2 2 2 2 2 2 2 14 2 2 2 2 14 14 15 2 2 2 2 2 2 2 2 2 2 2 2 2 2 2 15 14 14 14 14 14 14 14 2 2 2 2 2 2 2 2 2 2 2 2 2 2 2 2 2 2 1 
1 2 2 2 2 14 14 15 2 2 2 2 2 2 15 14 14 15 15 15 15 15 15 15 2 2 2 2 15 14 14 16 2 2 2 2 2 2 2 2 2 2 2 2 2 2 2 2 2 16 16 16 14 2 2 2 2 2 3 2 2 2 14 14 15 2 2 17 18 19 2 15 14 14 2 2 14 14 15 2 2 2 14 14 14 14 16 2 2 2 2 2 2 2 2 2 2 2 2 2 14 2 2 2 2 14 14 15 2 2 2 2 2 2 2 2 2 2 2 2 2 2 2 15 14 14 14 14 14 14 14 14 2 2 17 18 19 2 2 2 2 2 2 2 2 2 2 2 2 1 
1 2 2 2 2 14 14 15 2 2 17 18 19 2 15 14 14 15 2 2 2 2 2 15 2 2 2 2 15 14 14 16 2 2 2 2 2 2 2 2 2 2 2 2 2 2 2 2 2 2 2 2 2 2 2 2 2 2 3 2 2 2 14 14 15 2 2 20 21 22 2 15 14 14 2 2 14 14 15 2 2 2 2 2 14 14 16 2 2 2 3 3 3 3 3 3 3 2 2 2 14 2 2 2 2 14 14 15 16 15 16 15 16 15 16 15 16 2 2 2 2 2 2 2 2 15 14 14 14 14 14 14 2 2 20 21 22 2 2 2 2 2 2 2 2 2 2 2 2 1 
1 2 2 2 2 14 14 15 2 2 20 21 22 2 15 14 14 15 2 2 2 2 2 15 2 2 2 2 15 14 14 16 2 2 2 2 2 2 2 2 2 2 2 2 2 2 2 2 2 2 2 2 14 2 2 2 2 2 3 3 2 2 14 14 15 2 2 23 16 16 16 16 16 16 2 2 14 14 15 16 15 16 2 2 14 14 16 2 2 2 3 4 4 4 4 4 3 3 2 2 2 2 2 2 2 14 14 14 14 14 14 14 14 14 14 14 14 2 2 2 2 2 2 2 2 15 14 14 14 14 14 14 2 2 23 24 25 2 2 3 3 3 3 3 3 3 2 2 2 1 
1 2 2 2 2 14 14 15 2 2 23 16 16 16 16 16 16 2 2 2 2 2 2 2 2 2 2 2 2 14 2 2 2 2 14 14 15 2 2 2 2 2 2 15 15 15 15 2 2 2 2 2 15 14 14 14 14 14 14 14 2 2 14 14 15 2 2 2 14 14 14 14 16 16 2 2 14 14 14 14 14 14 2 2 14 14 16 2 2 2 3 3 3 3 4 4 3 3 2 2 2 2 2 2 2 14 14 14 14 14 14 14 16 14 2 2 2 2 30 31 2 2 2 2 2 15 14 14 14 14 14 14 2 2 2 2 2 2 2 3 4 4 4 4 4 3 3 2 2 1 
1 2 2 2 2 14 14 15 2 2 2 14 14 14 14 16 16 2 2 2 2 2 2 2 2 2 2 2 2 14 2 2 2 2 14 14 15 2 2 2 2 2 2 2 2 2 2 2 2 2 2 2 15 14 14 14 14 14 14 14 2 2 14 14 15 2 2 2 14 14 14 14 16 2 15 2 2 2 2 2 2 15 15 15 15 2 2 2 2 2 15 14 14 14 14 14 14 14 2 2 2 2 2 2 2 2 2 2 2 2 2 2 2 2 14 2 2 2 32 33 2 2 2 2 2 2 2 15 14 14 14 14 2 2 2 2 2 2 2 3 3 3 3 4 4 3 3 2 2 1 
1 2 2 2 2 14 14 15 2 2 2 14 14 14 14 16 2 2 2 2 2 2 2 2 2 2 2 2 2 14 2 2 2 2 14 14 15 2 2 2 2 2 2 2 2 2 2 2 2 2 2 2 15 14 14 14 14 14 14 14 2 2 14 14 15 2 2 2 2 2 14 14 16 2 15 2 2 2 2 2 2 2 2 2 2 2 2 2 2 2 15 14 14 14 14 14 14 14 2 2 2 2 2 2 2 2 2 30 31 2 2 2 2 2 14 14 2 2 2 2 2 2 2 2 2 2 2 15 14 14 14 14 14 14 14 14 14 14 2 3 4 4 4 4 3 3 3 2 2 1 
1 2 2 2 2 14 14 15 2 2 2 2 2 14 14 16 2 2 2 3 3 3 3 3 3 3 2 2 2 14 2 2 2 2 14 14 15 16 15 16 15 16 15 16 15 16 2 2 2 2 2 2 2 2 15 14 14 14 14 14 2 2 14 14 15 16 15 16 2 2 14 14 16 2 15 2 2 2 2 2 2 2 2 2 2 2 2 2 2 2 15 14 14 14 14 14 14 14 14 2 2 17 18 19 2 2 2 32 33 2 2 2 2 2 2 14 2 2 2 2 2 2 2 17 18 19 2 2 2 15 14 14 15 2 2 2 2 14 14 3 3 3 3 3 3 3 2 2 2 1 
1 2 2 2 2 14 14 15 16 15 16 2 2 14 14 16 2 2 2 3 4 4 4 4 4 3 3 2 2 2 2 2 2 2 14 14 14 14 14 14 14 14 14 14 14 14 2 2 2 2 2 2 2 2 15 14 14 14 14 14 2 2 14 14 14 14 14 14 2 2 14 14 16 2 15 16 15 16 15 16 15 16 15 16 2 2 2 2 2 2 2 2 15 14 14 14 14 14 14 2 2 20 21 22 2 2 2 2 2 2 2 2 2 2 2 14 14 2 2 2 2 2 2 20 21 22 2 2 2 15 14 14 15 2 2 2 2 2 14 2 2 2 2 2 2 2 2 2 2 1 
1 2 2 2 2 14 14 14 14 14 14 2 2 14 14 16 2 2 2 3 3 3 3 4 4 3 3 2 2 2 2 2 2 2 14 14 14 14 14 14 14 16 14 2 2 2 2 2 2 2 2 2 2 2 15 14 14 14 14 14 15 2 2 2 2 2 2 15 15 15 15 2 2 2 14 14 14 14 14 14 14 14 14 14 2 2 2 2 2 2 2 2 15 14 14 14 14 14 14 2 2 23 24 25 2 2 3 3 3 3 3 3 3 2 2 2 14 14 14 2 2 2 2 23 24 25 2 2 2 15 14 14 15 2 2 2 2 2 2 14 2 2 2 2 2 2 2 2 2 1 
1 2 2 15 2 2 2 2 2 2 15 15 15 15 2 2 2 2 2 15 14 14 14 14 14 14 14 2 2 2 2 2 2 2 2 2 2 2 2 2 2 2 2 14 2 2 2 2 2 2 2 2 2 2 2 2 15 14 14 14 15 2 2 2 2 2 2 2 2 2 2 2 2 2 14 14 14 14 14 16 14 2 2 2 2 2 2 2 2 2 2 2 15 14 14 14 14 14 14 2 2 2 2 2 2 2 3 4 4 4 4 4 3 3 2 2 2 2 14 14 14 14 14 14 14 14 14 14 14 14 16 2 2 2 2 2 2 2 2 2 2 2 2 2 2 15 14 2 2 1 
1 2 2 15 2 2 2 2 2 2 2 2 2 2 2 2 2 2 2 15 14 14 14 14 14 14 14 2 2 2 2 2 2 2 2 2 2 2 2 2 2 2 2 14 14 2 2 2 2 2 2 2 2 2 2 2 15 14 14 14 15 2 2 2 2 2 2 2 2 2 2 2 2 2 14 14 16 14 14 16 14 2 2 2 2 2 2 16 16 16 16 16 16 2 2 2 2 2 2 2 2 2 2 2 2 14 2 2 2 2 14 14 15 2 2 2 2 2 2 15 15 15 15 2 2 2 2 2 15 14 14 14 14 14 14 14 2 2 2 2 2 2 2 2 2 2 2 2 2 1 
1 2 2 15 2 2 2 2 2 2 2 2 2 2 2 2 2 2 2 15 14 14 14 14 14 14 14 14 2 2 17 18 19 2 2 2 2 2 2 2 2 2 2 2 14 2 2 2 2 2 2 2 17 18 19 2 2 2 15 14 15 16 15 16 15 16 15 16 15 16 2 2 2 2 14 14 15 2 2 2 2 2 2 15 15 15 15 14 14 14 14 16 16 2 2 2 2 2 2 2 2 2 2 2 2 14 2 2 2 2 14 14 15 2 2 2 2 2 2 2 2 2 2 2 2 2 2 2 15 14 14 14 14 14 14 14 2 2 2 2 2 2 2 2 2 2 2 2 2 1 
1 2 2 15 16 15 16 15 16 15 16 15 16 2 2 2 2 2 2 2 2 15 14 14 14 14 14 14 2 2 20 21 22 2 2 2 2 2 2 2 2 2 2 2 14 14 2 2 2 2 2 2 20 21 22 2 2 2 15 14 14 14 14 14 14 14 14 14 14 14 2 2 2 2 14 14 15 2 2 2 2 2 2 2 2 2 2 14 14 14 14 16 2 2 2 2 2 2 2 2 2 2 2 2 2 14 2 2 2 2 14 14 15 2 2 2 2 2 2 2 2 2 2 2 2 2 2 2 15 14 14 14 14 14 14 14 14 2 2 17 18 19 2 2 2 2 2 2 2 1 
1 2 2 14 14 14 14 14 14 14 14 14 14 2 2 2 2 2 2 2 2 15 14 14 14 14 14 14 2 2 23 24 25 2 2 3 3 3 3 3 3 3 2 2 2 14 14 14 2 2 2 2 23 24 25 2 2 2 15 14 14 14 14 14 14 16 14 2 2 2 2 2 2 2 14 14 15 2 2 2 2 2 2 2 2 2 2 2 2 14 14 16 2 2 2 3 3 3 3 3 3 3 2 2 2 14 2 2 2 2 14 14 15 16 15 16 15 16 15 16 15 16 2 2 2 2 2 2 2 2 15 14 14 14 14 14 14 2 2 20 21 22 2 2 2 2 2 2 2 1 
1 2 2 14 14 14 14 14 16 14 2 2 2 2 2 2 2 2 2 2 2 15 14 14 14 14 14 14 2 2 2 2 2 2 2 3 4 4 4 4 4 3 3 2 2 2 2 14 14 14 14 14 14 14 14 14 14 14 14 16 14 14 16 14 14 16 14 2 2 2 2 2 2 16 14 14 15 16 15 16 15 16 15 16 15 16 2 2 2 14 14 16 2 2 2 3 4 4 4 4 4 3 3 2 2 2 2 2 2 2 14 14 14 14 14 14 14 14 14 14 14 14 2 2 2 2 2 2 2 2 15 14 14 14 14 14 14 2 2 23 24 25 2 2 3 3 3 2 2 1 
1 2 2 14 14 16 14 14 16 14 2 2 2 2 2 2 16 16 16 16 16 16 2 2 2 2 2 2 2 2 2 2 2 2 14 2 2 2 2 14 14 15 2 2 2 2 2 2 15 15 15 15 2 2 2 2 2 15 14 14 14 14 15 2 2 2 2 2 2 15 15 15 15 14 14 14 14 14 14 14 14 14 14 14 14 14 2 2 2 14 14 16 2 2 2 3 3 3 3 4 4 3 3 2 2 2 2 2 2 2 16 16 16 16 16 16 2 2 2 2 2 2 2 2 2 2 2 2 14 2 2 2 2 14 14 15 2 2 2 2 2 2 15 15 15 15 2 2 2 1 
1 2 2 14 14 15 2 2 2 2 2 2 15 15 15 15 14 14 14 14 16 16 2 2 2 2 2 2 2 2 2 2 2 2 14 2 2 2 2 14 14 15 2 2 2 2 2 2 2 2 2 2 2 2 2 2 2 15 14 14 14 14 15 2 2 2 2 2 2 2 2 2 2 14 14 14 14 14 14 14 14 16 14 2 2 2 2 14 14 14 14 14 2 2 2 3 4 4 4 4 3 3 3 2 2 2 26 27 2 2 14 14 14 14 16 16 2 2 2 2 2 2 2 2 2 2 2 2 14 2 2 2 2 14 14 15 2 2 2 2 2 2 2 2 2 2 2 2 2 1 
1 2 2 14 14 15 2 2 2 2 2 2 2 2 2 2 14 14 14 14 16 2 2 2 2 2 2 2 2 2 2 2 2 2 14 2 2 2 2 14 14 15 2 2 2 2 2 2 2 2 2 2 2 2 2 2 2 15 14 14 14 14 15 2 2 2 2 2 2 2 2 2 2 2 15 16 14 14 16 14 14 16 14 2 2 2 2 14 14 14 14 14 2 2 2 3 3 3 3 3 3 3 2 2 2 2 28 29 2 2 14 14 14 14 16 2 2 2 2 2 2 2 2 2 2 2 2 2 14 2 2 2 2 14 14 15 2 2 2 2 2 2 2 2 2 2 2 2 2 1 
1 2 2 14 14 15 2 2 2 2 2 2 2 2 2 2 2 2 14 14 16 2 2 2 3 3 3 3 3 3 3 2 2 2 14 2 2 2 2 14 14 15 16 15 16 15 16 15 16 15 16 2 2 2 2 2 2 2 2 15 14 14 15 16 15 16 15 16 15 16 15 16 2 2 2 2 14 14 2 14 14 16 14 2 2 2 2 14 14 2 14 14 2 2 2 2 2 2 2 2 2 2 2 2 2 2 2 2 2 2 2 2 14 14 16 2 2 2 3 3 3 3 3 3 3 2 2 2 14 2 2 2 2 14 14 15 16 15 16 15 16 15 16 15 16 2 2 2 2 1 
1 2 2 14 14 15 16 15 16 15 16 15 16 15 16 2 2 2 14 14 16 2 2 2 3 4 4 4 4 4 3 3 2 2 2 2 2 2 2 14 14 14 14 14 14 14 14 14 14 14 14 2 2 2 2 2 2 2 2 15 14 14 14 14 14 14 14 14 14 14 14 14 2 2 2 2 14 14 2 14 14 14 14 2 2 2 2 14 14 14 14 14 2 2 2 2 2 2 2 14 4 2 2 2 2 2 2 2 2 2 2 2 14 14 16 2 2 2 3 4 4 4 4 4 3 3 2 2 2 2 2 2 2 14 14 14 14 14 14 14 14 14 14 14 14 2 2 2 2 1 
1 2 2 14 14 14 14 14 14 14 14 14 14 14 14 2 2 2 14 14 16 2 2 2 3 3 3 3 4 4 3 3 2 2 2 2 2 2 2 16 16 16 16 16 16 2 2 2 2 2 2 2 2 2 2 2 2 14 2 2 14 14 14 14 14 14 14 16 14 2 2 2 2 14 2 2 14 14 2 14 14 14 2 2 2 2 2 14 14 14 14 14 2 2 2 2 2 2 2 14 14 14 14 14 14 14 14 14 14 14 2 2 14 14 16 2 2 2 3 3 3 3 4 4 3 3 2 2 2 2 2 2 2 14 14 14 14 14 14 14 16 14 2 2 2 2 2 2 2 1 
1 2 2 14 14 14 14 14 14 14 16 14 2 2 2 2 14 14 14 14 14 2 2 2 3 4 4 4 4 3 3 3 2 2 2 2 2 2 2 14 14 14 14 16 16 2 2 2 2 2 2 2 2 2 2 2 2 14 2 2 15 16 14 14 16 14 14 16 14 2 2 2 2 14 2 2 14 14 16 14 14 14 2 2 2 2 2 2 14 2 2 2 2 2 2 2 2 2 2 14 2 2 2 2 2 2 2 2 4 14 14 14 14 14 14 2 2 2 3 4 4 4 4 3 3 3 2 2 2 2 2 2 2 15 16 14 14 16 14 14 16 14 2 2 2 2 2 2 2 1 
1 2 2 15 16 14 14 16 14 14 16 14 2 2 2 2 14 14 14 14 14 2 2 2 3 3 3 3 3 3 3 2 2 2 2 2 2 2 2 14 14 14 14 16 2 2 2 2 2 2 2 2 2 2 2 2 2 14 2 2 2 2 14 14 2 14 14 16 14 2 2 2 2 14 2 2 2 2 2 2 2 2 2 2 2 2 2 14 14 14 14 14 2 2 2 30 31 2 2 14 2 2 2 2 2 2 2 2 2 14 14 14 14 14 14 2 2 2 3 3 3 3 3 3 3 2 2 2 2 2 2 2 2 2 2 14 14 2 14 14 16 14 2 2 2 26 27 2 2 1 
1 2 2 2 2 14 14 2 14 14 16 14 2 2 2 2 14 14 2 14 14 2 2 2 2 2 2 2 2 2 2 2 2 2 2 2 2 2 2 2 2 14 14 16 2 2 2 3 3 3 3 3 3 3 2 2 2 14 2 2 2 2 14 14 2 14 14 14 14 2 2 2 2 14 2 2 2 2 2 2 2 2 2 14 14 14 14 14 14 3 2 14 14 14 14 32 33 2 2 14 2 2 2 2 2 2 2 2 2 11 14 14 2 14 14 2 2 2 2 2 2 2 2 2 2 2 2 2 2 2 2 2 2 2 2 14 14 2 14 14 14 14 2 2 2 28 29 2 2 1 
1 2 2 2 2 14 14 2 14 14 14 14 2 2 2 2 14 14 14 14 14 2 2 2 2 2 2 2 14 4 2 2 2 2 2 2 2 2 2 2 2 14 14 16 2 2 2 3 4 4 4 4 4 3 3 2 2 2 2 2 2 2 14 14 2 14 14 14 2 2 2 2 2 14 14 2 2 2 2 2 2 2 14 14 2 2 2 2 14 14 14 14 14 14 14 14 14 14 14 14 14 14 14 14 14 14 15 2 2 2 14 14 14 14 14 2 2 2 2 2 2 2 14 4 2 2 2 2 2 2 2 2 2 2 2 14 14 2 14 14 14 2 2 2 2 2 2 2 2 1 
1 2 2 2 2 14 14 2 14 14 14 2 2 2 2 2 14 14 14 14 14 2 2 2 2 2 2 2 14 14 14 14 14 14 14 14 14 14 14 2 2 14 14 16 2 2 2 3 3 3 3 4 4 3 3 2 2 2 2 2 2 2 14 14 16 14 14 14 2 30 31 2 2 2 14 2 2 2 2 2 14 14 14 2 2 2 2 2 2 2 2 2 2 14 14 14 14 14 14 14 14 14 14 14 14 14 15 2 2 2 14 14 14 14 14 2 2 26 27 2 2 2 14 14 14 14 14 14 14 14 14 14 14 2 2 14 14 16 14 14 14 2 2 2 2 2 2 2 2 1 
1 2 2 2 2 14 14 16 14 14 14 2 2 2 2 2 2 14 2 2 2 2 2 2 2 2 2 2 14 2 2 2 2 2 2 2 2 4 14 14 14 14 14 14 2 2 2 3 4 4 4 4 3 3 3 2 2 2 2 2 2 2 2 2 2 2 2 2 2 32 33 2 2 14 14 14 4 2 14 14 14 2 2 2 2 2 2 2 2 2 2 2 2 2 2 2 2 2 2 2 2 2 2 2 14 14 15 2 2 2 2 14 2 2 2 2 2 28 29 2 2 2 14 2 2 2 2 2 2 2 2 4 14 2 2 2 2 2 2 2 2 2 2 2 2 2 2 2 2 1 
1 2 2 2 2 2 2 2 2 2 2 2 2 2 2 2 14 14 14 14 14 2 2 2 2 2 2 2 14 2 2 2 2 2 2 2 2 2 14 14 14 14 14 14 2 2 2 3 3 3 3 3 3 3 2 2 2 2 2 2 2 2 2 2 2 2 2 2 2 14 14 14 14 14 14 3 2 14 14 14 14 2 2 2 2 14 2 2 2 2 2 2 2 2 2 11 14 14 2 14 14 2 2 2 2 2 2 2 2 2 2 2 2 2 2 2 2 2 2 2 2 14 14 2 14 14 14 14 2 2 2 2 2 2 2 2 2 2 2 2 2 2 2 2 2 26 27 2 2 1 
1 2 2 2 2 2 2 2 2 2 2 2 14 14 14 14 14 14 3 2 14 14 14 14 2 2 2 2 14 2 2 2 2 2 2 2 2 2 11 14 14 2 14 14 2 2 2 2 2 2 2 2 2 2 2 2 2 2 2 2 14 2 2 2 2 2 2 2 14 14 2 2 2 2 14 14 14 14 14 14 14 14 14 14 14 14 14 14 14 14 14 14 15 2 2 2 14 14 14 14 14 2 2 2 26 27 2 2 14 4 2 2 2 2 2 2 2 2 2 2 2 14 14 2 14 14 14 2 2 2 2 2 2 2 2 2 2 26 27 2 2 2 2 2 2 28 29 2 2 1 
1 2 2 14 2 2 2 2 2 2 2 14 14 2 2 2 2 14 14 14 14 14 14 14 14 14 14 14 14 14 14 14 14 14 14 15 2 2 2 14 14 14 14 14 2 2 2 2 2 2 2 14 4 2 2 2 2 2 2 2 14 2 2 2 2 2 14 14 14 2 2 2 2 2 2 2 2 2 2 14 14 14 14 14 14 14 14 14 14 14 14 14 15 2 2 2 14 14 14 14 14 2 2 2 28 29 2 2 14 14 14 14 14 14 14 14 14 14 14 2 2 14 14 16 14 14 14 2 2 2 26 27 2 2 2 2 2 28 29 2 2 2 2 2 2 2 2 2 2 1 
1 2 2 14 2 2 2 2 2 14 14 14 2 2 2 2 2 2 2 2 2 2 14 14 14 14 14 14 14 14 14 14 14 14 14 15 2 2 2 14 14 14 14 14 2 2 2 2 2 2 2 14 14 14 14 14 14 14 14 14 14 14 4 2 14 14 14 2 2 2 2 2 2 2 2 2 2 2 2 2 2 2 2 2 2 2 2 2 2 2 14 14 15 2 2 2 2 14 2 2 30 31 2 2 2 2 2 2 14 2 2 2 2 2 2 2 2 4 14 2 2 2 2 2 2 2 2 2 2 2 28 29 2 2 2 2 2 30 31 2 2 2 2 2 2 2 2 30 31 1 
1 2 2 14 14 4 2 14 14 14 2 2 2 2 2 2 2 2 2 2 2 2 2 2 2 2 2 2 2 2 2 2 2 14 14 15 2 2 2 2 14 2 2 2 2 2 2 2 2 2 2 14 2 2 2 2 2 2 2 2 4 14 2 2 2 2 2 2 2 2 2 2 2 2 2 2 2 2 2 2 2 2 2 2 2 2 2 2 2 2 2 2 2 2 2 2 2 2 2 2 32 33 2 2 2 2 2 2 2 2 2 2 2 2 2 2 2 2 2 2 2 2 2 2 2 2 2 2 2 2 2 2 2 2 2 2 2 32 33 2 2 2 2 2 2 2 2 32 33 1 
1 1 1 1 1 1 1 1 1 1 1 1 1 1 1 1 1 1 1 1 1 1 1 1 1 1 1 1 1 1 1 1 1 1 1 1 1 1 1 1 1 1 1 1 1 1 1 1 1 1 1 1 1 1 1 1 1 1 1 1 1 1 1 1 1 1 1 1 1 1 1 1 1 1 1 1 1 1 1 1 1 1 1 1 1 1 1 1 1 1 1 1 1 1 1 1 1 1 1 1 1 1 1 1 1 1 1 1 1 1 1 1 1 1 1 1 1 1 1 1 1 1 1 1 1 1 1 1 1 1 1 1 1 1 1 1 1 1 1 1 1 1 1 1 1 1 1 1 1 1

