1 1 1 1 1 1 1 1 1 1 1 1 1 1 1 1 1 1 1 1 1 1 1 1 1 1 1 1 1 1 1 1 1 1 1 1 1 1 1 1 1 1 1 1 1 1 1 1 1 1 1 1 1 1 1 1 1 1 1 1 1 1 1 1 1 1 1 1 1 1 1 1 1 1 1 1 1 1 1 1 1 1 1 1 1 1 1 1 1 1 1 1 1 1 1 1 1 1 1 1 1 1 1 1 6 1 1 1 1 1 1 1 1 1 1 1 1 1 1 1 1 1 1 1 1 1 1 1 1 1 1 1 1 1 1 1 1 1 1 1 1 1 1 1 1 1 1 1 1 1 
1 2 2 2 2 2 2 2 2 2 2 2 2 2 2 2 2 2 2 2 2 2 2 2 2 2 2 2 2 2 2 2 2 2 2 2 2 2 2 2 2 2 2 2 2 2 2 2 2 5 5 5 5 5 5 5 5 5 5 5 5 5 5 5 5 5 5 5 5 5 5 5 5 5 5 5 5 5 5 5 5 5 5 5 5 5 5 5 5 5 5 5 5 5 5 5 5 5 5 5 5 3 5 5 6 5 5 5 5 5 5 5 5 5 5 5 5 5 5 5 5 5 5 5 5 5 5 5 5 5 5 5 5 5 5 5 5 5 5 5 5 6 5 5 5 5 5 5 5 1 
1 2 2 2 2 2 2 2 2 2 2 2 2 2 2 2 2 2 2 2 2 2 2 2 2 2 2 2 2 2 2 2 2 2 2 2 2 2 2 2 2 2 2 2 2 2 2 2 2 5 5 4 4 4 4 4 4 4 4 4 5 5 5 5 5 5 5 5 5 5 5 5 5 5 5 5 5 5 5 5 5 5 5 5 5 5 5 5 5 5 5 5 5 5 5 5 5 5 5 5 5 5 5 5 6 5 5 5 5 5 5 5 5 5 5 5 5 5 5 5 5 5 5 5 5 5 5 5 5 5 5 5 5 5 5 5 5 5 5 5 5 6 5 5 5 5 5 5 5 1 
1 2 2 2 2 2 2 2 2 2 2 2 2 2 2 2 2 2 2 2 2 2 2 2 2 2 2 2 2 2 2 2 2 2 2 2 2 2 2 2 2 2 2 2 2 2 2 2 2 5 4 4 4 4 4 4 4 4 4 4 4 4 4 5 5 5 5 5 5 5 5 5 5 5 5 5 5 5 5 5 5 5 5 5 5 5 5 5 5 5 5 5 5 5 5 5 5 5 5 5 5 3 5 5 6 5 5 5 5 5 5 5 5 5 5 5 5 5 5 5 5 5 5 5 5 5 5 5 5 5 5 5 5 5 5 5 5 5 5 5 5 6 5 5 5 5 5 5 5 1 
1 7 7 7 7 7 7 7 7 7 7 7 7 7 7 7 7 7 7 7 7 7 7 7 7 7 7 7 7 7 7 7 7 7 7 7 7 7 7 7 7 7 7 7 7 7 7 2 2 5 4 4 3 3 3 3 3 3 3 3 4 4 5 5 5 5 5 5 5 5 5 5 5 5 5 5 6 6 6 6 6 6 6 6 6 6 5 5 5 5 5 5 5 5 5 5 5 5 5 5 5 5 5 5 6 5 5 5 5 5 5 5 5 5 6 6 6 6 6 6 6 6 6 6 5 5 5 5 5 5 5 5 5 5 5 5 5 5 5 5 5 6 5 5 5 5 5 5 5 1 
1 5 5 5 5 5 5 5 5 5 5 5 5 5 5 5 5 5 5 5 5 5 5 5 5 5 5 5 5 5 5 5 5 5 5 5 5 5 5 5 5 5 5 5 2 2 2 2 2 5 4 4 3 3 3 3 3 3 3 3 4 5 5 5 5 5 5 5 5 5 5 5 5 5 5 5 5 5 5 5 5 5 5 5 5 5 5 5 5 5 5 5 5 5 5 5 5 5 5 5 5 5 5 5 6 5 5 5 5 5 5 5 5 5 5 5 5 5 5 5 5 5 5 5 5 5 5 5 5 5 5 5 5 5 5 5 5 5 5 5 5 6 5 5 5 5 5 5 5 1 
1 5 5 5 5 5 5 5 5 5 5 5 5 5 5 5 5 5 5 5 5 5 5 5 5 5 5 5 5 5 5 5 5 5 5 5 5 5 5 5 5 5 5 5 2 2 2 2 2 5 4 4 3 3 3 3 3 3 3 3 4 5 5 5 5 5 5 5 5 5 5 5 5 5 5 5 5 5 5 5 5 5 5 5 5 5 5 5 5 5 5 5 5 5 5 5 5 5 5 5 5 5 5 5 6 5 5 5 5 5 5 5 5 5 5 5 5 5 5 5 5 5 5 5 5 5 5 5 5 5 5 5 5 5 5 5 5 5 5 5 5 6 5 5 5 5 5 5 5 1 
1 2 2 2 2 2 2 2 2 2 2 2 2 6 5 5 3 6 6 6 6 6 6 6 6 6 6 6 6 6 6 6 6 6 6 6 6 6 3 5 5 3 2 2 2 2 2 2 2 5 5 4 3 3 3 3 3 3 3 3 4 5 5 5 5 5 5 5 5 5 5 5 5 5 5 5 5 6 6 6 6 6 6 6 6 6 6 5 5 5 5 5 5 5 5 5 5 5 5 5 5 5 5 5 6 5 5 5 5 5 5 5 6 6 6 6 6 6 6 6 6 6 5 5 5 5 3 3 5 5 5 5 5 5 5 5 5 5 5 5 5 6 5 5 5 5 5 5 5 1 
1 2 2 2 2 2 2 2 2 2 2 2 2 6 5 5 2 2 2 2 2 2 2 2 2 2 2 2 2 2 2 2 2 2 2 2 2 2 7 5 5 2 2 2 2 2 2 2 2 5 5 4 4 4 4 4 4 4 4 4 4 5 5 5 5 5 5 5 5 5 5 5 5 5 5 5 5 5 5 5 5 5 5 5 5 5 5 5 5 5 6 5 5 5 5 5 5 5 5 5 5 5 5 5 6 5 5 5 5 5 5 5 5 5 5 5 5 5 5 5 5 5 5 5 5 5 5 3 5 5 5 5 5 5 5 5 5 5 5 5 5 6 5 5 5 5 5 5 5 1 
1 2 2 2 2 2 2 2 2 2 2 2 2 6 5 5 2 2 2 2 2 2 2 2 2 2 2 2 2 2 2 2 2 2 2 2 2 2 7 5 5 2 2 2 2 2 2 2 2 5 5 5 5 5 5 5 5 5 5 5 5 5 5 5 5 5 5 5 5 5 5 5 5 5 5 5 5 5 5 5 5 5 5 5 5 5 5 5 5 5 6 5 5 5 5 5 5 5 5 5 5 5 5 5 6 5 5 5 5 5 5 5 5 5 5 5 5 5 5 5 5 5 5 5 5 5 5 5 5 5 5 5 5 5 5 5 5 5 5 5 5 6 5 5 5 5 5 5 5 1 
1 2 2 2 2 2 2 2 2 2 2 2 2 6 5 5 2 2 2 2 2 2 2 102 103 104 105 106 107 108 109 2 2 2 2 2 2 2 7 5 5 2 2 2 2 2 2 2 2 5 5 5 5 5 5 5 5 5 5 5 5 5 5 5 5 5 5 5 5 5 5 5 5 5 5 5 5 5 5 5 5 5 5 5 5 5 5 5 5 5 6 5 5 5 5 5 5 5 5 5 5 5 5 5 6 5 5 5 5 5 5 5 5 5 5 5 5 5 5 5 5 5 5 5 5 5 5 5 5 5 5 5 5 5 5 5 5 5 5 5 5 6 5 5 5 5 5 5 5 1 
1 2 2 2 2 2 2 2 2 2 2 2 2 6 5 5 2 2 2 2 2 2 2 110 111 112 113 114 115 116 117 2 2 2 2 2 2 2 7 5 5 2 2 2 2 2 2 2 2 5 5 5 5 5 5 5 5 5 5 5 5 5 5 5 5 5 5 5 5 5 5 5 5 14 15 16 17 18 19 20 21 5 5 5 5 5 5 5 5 5 6 5 5 5 5 5 5 5 5 5 5 6 5 5 6 5 5 5 5 5 5 5 5 5 5 5 5 5 5 5 5 5 5 5 5 5 5 5 5 5 5 5 5 5 5 5 5 5 5 5 5 6 5 5 5 5 5 5 5 1 
1 8 9 2 2 2 2 2 8 9 2 2 2 6 5 5 2 2 2 2 5 2 2 118 119 120 121 122 123 124 125 2 2 2 2 2 2 2 7 5 5 2 2 2 2 2 2 2 2 5 5 5 5 5 5 5 5 5 5 5 5 5 5 5 5 5 5 5 5 5 5 5 5 22 23 24 25 26 27 28 29 5 5 5 5 5 5 5 5 5 6 5 5 5 5 5 5 5 5 5 5 6 5 5 6 5 5 5 5 5 5 5 5 5 5 2 102 103 104 105 106 107 108 109 5 5 5 5 5 5 5 5 5 5 5 5 5 5 5 5 5 6 5 5 5 5 5 5 5 1 
1 10 11 2 2 2 2 2 10 11 2 2 2 6 5 5 2 2 2 8 9 2 2 126 127 128 129 130 131 132 133 2 2 2 8 9 2 2 7 5 5 2 2 2 2 2 2 2 2 5 5 5 5 5 5 5 5 5 5 5 5 5 5 5 5 5 5 5 5 5 5 5 5 30 31 32 33 34 35 36 37 5 5 5 5 5 5 5 5 5 6 5 5 5 5 5 5 5 5 5 5 6 5 5 5 5 5 5 5 5 5 5 5 5 5 5 110 111 112 113 114 115 116 117 5 5 5 5 5 5 5 5 5 5 5 5 5 5 5 5 5 6 5 5 5 5 5 5 5 1 
1 12 13 2 2 2 2 2 12 13 2 2 2 6 5 5 2 2 2 10 11 5 2 134 135 136 137 138 139 140 141 2 2 2 10 11 2 2 7 5 5 2 2 2 2 2 2 2 2 5 5 5 5 5 5 5 5 5 5 5 5 5 5 5 5 5 5 5 5 5 5 5 5 38 39 40 41 42 43 44 45 5 5 5 5 5 5 5 5 5 6 5 5 5 5 5 5 5 5 5 5 6 5 5 5 5 5 5 5 5 5 5 5 5 5 5 118 119 120 121 122 123 124 125 5 5 5 5 5 5 5 5 5 5 5 5 5 5 5 5 5 5 5 5 5 5 5 5 5 1 
1 2 2 2 2 2 2 2 2 2 2 2 2 6 5 5 2 2 2 12 13 2 2 142 143 144 145 146 147 148 149 2 2 2 12 13 2 2 7 5 5 7 7 7 7 7 7 7 7 7 7 7 7 7 7 7 7 7 7 7 7 7 7 7 7 7 7 7 7 5 5 5 5 46 47 48 49 50 51 52 53 5 5 5 5 5 5 5 5 5 6 5 5 5 5 5 5 5 5 5 5 6 5 5 5 5 5 5 5 5 5 5 5 5 5 5 126 127 128 129 130 131 132 133 5 5 5 5 5 5 5 5 5 5 5 5 5 5 5 5 5 5 5 5 5 5 5 5 5 1 
1 2 2 2 2 2 2 2 2 2 2 2 2 6 5 5 2 2 2 2 2 2 2 150 151 152 153 154 155 156 157 2 2 2 2 2 2 2 7 5 5 5 5 5 5 5 5 5 5 5 5 5 5 5 5 5 5 5 5 5 5 5 5 5 5 5 5 5 5 5 5 5 5 54 55 56 57 58 59 60 61 5 5 5 5 5 5 5 5 5 6 5 5 5 5 5 5 5 5 5 5 6 5 5 5 5 5 5 5 5 5 5 5 5 5 5 134 135 136 137 138 139 140 141 5 5 5 5 5 5 5 5 5 5 5 5 5 5 5 5 5 5 5 5 5 5 5 5 5 1 
1 2 2 2 5 5 2 2 2 2 2 2 2 6 5 5 2 2 2 2 2 2 2 158 159 160 161 162 163 164 165 2 2 2 2 2 2 2 7 5 5 5 5 5 5 5 5 5 5 5 5 5 5 5 5 5 5 5 5 5 5 5 5 5 5 5 5 5 5 5 5 5 5 62 63 64 65 66 67 68 69 5 5 5 5 5 5 5 5 5 6 5 5 5 5 5 5 5 5 5 5 6 5 5 5 5 5 5 5 5 5 5 5 5 5 5 142 143 144 145 146 147 148 149 5 5 5 5 5 5 5 5 5 5 5 5 5 5 5 5 5 5 5 5 5 5 5 5 5 1 
1 2 2 2 5 5 2 2 2 2 2 2 2 6 5 5 2 2 2 2 2 2 2 2 2 2 2 2 2 2 2 2 2 2 2 2 2 2 7 7 7 7 7 7 7 7 7 7 7 7 7 7 7 7 7 7 7 7 7 7 7 7 7 7 7 7 7 5 5 5 5 5 5 70 71 72 73 74 75 76 77 5 5 5 5 5 5 5 5 5 6 5 5 5 5 5 8 9 5 5 5 6 5 5 5 5 5 5 5 5 5 5 5 5 5 5 150 151 152 153 154 155 156 157 5 5 5 5 5 5 5 5 5 5 5 5 5 5 5 5 5 5 5 5 5 5 5 5 5 1 
1 2 2 2 5 5 2 2 2 2 2 2 2 6 5 5 2 2 2 2 2 2 2 2 2 2 2 2 2 2 2 2 2 2 2 2 2 2 2 2 2 2 2 2 2 2 2 2 2 5 5 5 5 5 2 2 5 5 5 5 2 2 5 5 5 5 5 5 5 5 5 5 5 78 79 80 81 82 83 84 85 5 5 5 5 5 5 5 5 5 6 5 5 5 5 5 10 11 5 5 5 6 5 5 5 5 5 5 5 5 5 5 5 5 5 5 158 159 160 161 162 163 164 165 5 5 5 5 5 5 5 5 5 5 5 5 5 5 5 5 5 5 5 5 5 5 5 5 5 1 
1 2 2 2 5 5 2 2 2 2 2 2 2 2 5 5 3 7 7 7 7 7 7 7 7 7 7 7 7 7 7 7 7 7 7 7 7 7 7 7 7 7 7 7 7 7 2 2 2 5 5 5 5 5 2 2 5 5 5 5 2 2 5 5 5 5 5 5 5 5 5 5 5 86 87 88 89 90 91 92 93 5 5 5 5 5 5 5 5 5 6 5 5 5 5 5 12 13 5 5 5 6 5 5 5 5 5 5 5 5 5 5 5 5 5 5 5 5 5 5 5 5 5 5 5 5 5 5 5 5 5 5 5 5 5 5 5 5 5 5 5 5 5 5 5 5 5 5 5 1 
1 2 2 2 5 5 2 2 2 2 2 2 2 2 5 5 5 5 5 5 5 5 5 5 5 5 5 5 5 5 5 2 2 2 2 2 2 2 2 2 2 2 2 2 2 2 2 2 2 5 5 5 5 5 5 5 5 5 5 5 5 5 5 5 5 5 5 5 5 6 5 5 5 94 95 96 97 98 99 100 101 5 5 5 5 5 5 5 5 5 5 5 5 5 5 5 5 5 5 5 5 6 5 5 6 5 5 5 5 5 5 5 5 5 5 5 5 5 5 5 5 5 5 5 5 5 5 5 5 5 5 5 5 5 5 5 5 5 5 5 5 5 5 5 5 5 5 5 5 1 
1 2 2 2 5 5 2 2 2 2 2 2 2 2 5 5 5 5 5 5 5 5 5 5 5 5 5 5 5 5 5 2 2 2 2 2 2 2 2 2 2 2 2 2 2 2 2 2 2 5 5 5 5 5 5 5 5 5 5 5 5 5 5 5 5 5 5 5 5 6 5 5 5 5 5 5 5 5 5 5 5 5 5 5 5 5 5 5 5 5 5 5 5 5 5 5 5 5 5 5 5 6 5 5 6 5 5 5 5 5 8 9 5 5 5 5 5 5 5 5 5 5 5 5 5 5 5 5 5 5 5 5 5 5 5 5 5 5 5 5 5 5 5 5 5 5 5 5 5 1 
1 2 2 2 5 5 2 2 2 2 2 2 2 2 5 5 3 2 2 2 2 2 2 2 2 5 5 2 2 2 2 2 2 5 5 5 5 5 5 5 5 2 2 2 2 2 2 2 2 5 5 5 5 5 5 5 5 5 5 5 5 5 5 5 5 5 6 5 5 6 5 5 5 5 5 5 5 5 5 5 5 5 5 5 5 5 5 5 5 5 5 5 5 4 5 5 5 5 5 5 5 6 5 5 6 5 5 5 5 5 10 11 5 5 5 5 5 5 5 5 5 5 5 5 5 5 5 3 5 5 3 5 5 5 5 5 5 5 5 5 5 5 5 5 5 5 5 5 5 1 
1 2 2 2 5 5 2 2 2 2 2 2 2 2 5 5 2 2 2 2 2 2 2 2 2 5 5 2 2 2 2 2 2 14 15 16 17 18 19 20 21 2 2 2 2 2 2 2 2 5 5 5 5 5 5 5 5 5 5 5 5 5 5 5 5 5 6 5 5 6 5 5 5 5 5 5 5 5 5 5 5 5 5 5 5 5 5 5 5 5 5 5 5 5 5 5 5 5 5 5 5 5 5 5 6 5 5 5 5 5 12 13 5 5 5 5 5 5 5 5 5 5 5 5 5 5 5 5 5 5 5 5 5 5 5 5 5 5 5 5 5 6 5 5 5 5 5 5 5 1 
1 2 2 2 5 5 2 2 2 2 2 2 2 2 5 5 2 2 2 2 2 2 2 2 2 5 5 2 2 2 2 2 2 22 23 24 25 26 27 28 29 2 2 2 2 2 2 2 2 5 5 5 5 5 5 5 5 5 5 5 5 5 5 5 5 5 6 5 5 6 5 5 5 5 5 5 5 5 5 5 5 5 5 5 5 5 5 5 5 5 5 5 5 5 5 5 5 5 5 5 5 5 5 5 6 5 5 5 5 5 5 5 5 5 5 5 5 5 5 5 5 5 5 5 5 5 5 5 5 5 5 5 5 5 5 5 5 5 5 5 5 6 5 5 5 5 5 5 5 1 
1 2 2 2 3 3 2 2 2 2 2 2 2 2 5 5 2 2 2 2 2 2 2 2 2 5 5 2 2 2 2 2 2 30 31 32 33 34 35 36 37 2 2 2 2 2 2 2 2 5 5 5 5 5 5 5 5 5 5 5 5 5 5 5 5 5 6 5 5 6 5 5 5 5 5 5 5 5 5 5 5 5 5 5 5 5 5 5 5 5 5 5 5 5 5 5 5 5 5 5 5 5 5 5 6 5 5 5 5 5 5 5 5 5 5 5 5 5 5 5 5 5 5 5 5 5 5 5 5 5 5 5 5 5 5 5 5 5 5 5 5 6 5 5 5 5 5 5 5 1 
1 2 2 2 2 2 2 2 2 2 2 2 2 2 5 5 2 2 2 2 2 2 2 2 2 5 5 2 2 2 2 2 2 38 39 40 41 42 43 44 45 2 2 2 2 2 2 2 2 5 5 5 5 5 5 5 5 5 5 5 5 5 5 5 5 5 6 5 5 6 5 5 5 5 5 5 5 5 5 5 5 5 5 5 5 5 5 5 5 5 5 5 5 5 5 5 5 5 5 5 5 5 5 5 6 5 5 5 5 5 5 5 5 5 5 5 5 5 5 5 5 5 5 5 5 5 5 5 5 5 5 5 5 5 5 5 5 5 5 5 5 6 5 5 5 5 5 5 5 1 
1 2 2 2 2 2 2 2 2 2 2 2 2 2 5 5 2 2 2 2 2 2 2 2 2 5 5 2 2 2 2 2 2 46 47 48 49 50 51 52 53 2 2 2 2 2 2 2 2 5 5 5 5 5 5 5 5 5 5 5 5 5 5 5 5 5 6 5 5 6 5 5 5 5 5 5 5 5 5 5 5 5 5 5 5 5 5 5 5 5 5 5 5 5 5 5 5 5 5 5 5 5 5 5 6 5 5 5 5 5 5 5 5 5 5 5 5 5 5 5 5 5 5 5 5 5 5 5 5 5 5 5 5 5 5 5 5 5 5 5 5 6 5 5 5 5 5 5 5 1 
1 2 2 2 2 2 2 2 2 2 2 2 2 2 5 5 2 2 2 2 2 2 2 2 2 5 5 2 2 2 2 2 2 54 55 56 57 58 59 60 61 2 2 2 2 2 2 2 2 5 5 5 5 5 3 5 5 3 5 5 5 5 5 5 5 5 6 5 5 5 5 5 5 5 5 5 5 5 5 5 5 5 5 5 5 5 5 5 5 5 5 5 5 5 5 5 5 5 5 5 5 5 5 5 6 5 5 5 5 5 5 5 5 5 5 5 5 5 5 5 5 5 5 5 14 15 16 17 18 19 20 21 5 5 5 5 5 5 5 5 5 6 5 5 5 5 5 5 5 1 
1 2 2 2 2 2 2 2 2 2 2 2 2 2 5 5 2 2 2 2 2 2 2 2 2 5 5 2 2 2 2 2 2 62 63 64 65 66 67 68 69 2 2 2 2 2 2 2 2 5 5 5 5 5 5 5 5 5 5 5 5 5 5 5 5 5 6 5 5 5 5 5 5 5 5 5 5 5 5 5 5 5 5 5 5 5 5 5 5 5 5 5 5 5 5 5 5 5 5 5 5 5 5 5 6 5 5 5 5 5 5 5 5 5 5 5 5 5 5 5 5 5 5 5 22 23 24 25 26 27 28 29 5 5 5 5 5 5 5 5 5 6 5 5 5 5 5 5 5 1 
1 2 2 2 2 2 2 2 2 2 2 2 2 2 5 5 2 2 2 2 2 2 2 2 2 5 5 2 2 2 2 2 2 70 71 72 73 74 75 76 77 2 2 2 2 2 2 2 2 5 5 5 5 5 5 5 5 5 5 5 5 5 5 5 5 5 5 5 5 5 5 5 5 5 5 5 5 5 5 5 5 5 5 5 5 5 5 5 5 5 5 5 5 5 5 5 5 5 5 5 5 5 5 5 6 5 5 5 5 5 5 5 5 3 5 5 5 5 5 5 5 5 5 5 30 31 32 33 34 35 36 37 5 5 5 5 5 5 5 5 5 6 5 5 5 5 5 5 5 1 
1 2 2 2 2 2 2 2 2 2 2 2 2 2 5 5 2 2 2 2 2 2 2 2 2 5 5 2 2 2 2 2 2 78 79 80 81 82 83 84 85 2 2 2 2 2 2 2 2 5 5 5 5 5 3 5 5 3 5 5 5 5 5 5 5 5 5 5 5 5 5 5 5 5 5 5 5 5 5 5 5 5 5 5 5 5 5 5 5 5 5 5 5 5 5 5 5 5 5 5 5 5 5 5 6 5 5 5 5 5 5 5 5 5 5 5 5 5 5 5 5 5 5 5 38 39 40 41 42 43 44 45 5 5 5 5 5 5 5 5 5 6 5 5 5 5 5 5 5 1 
1 2 2 2 3 3 2 2 2 2 2 2 2 2 5 5 2 2 2 2 2 2 2 2 2 5 5 2 2 2 2 2 2 86 87 88 89 90 91 92 93 2 2 2 2 2 2 2 2 5 5 5 5 5 5 5 5 5 5 5 5 5 5 5 5 5 5 5 5 5 5 5 5 5 5 5 5 5 5 5 5 5 8 9 5 5 5 5 8 9 5 5 5 8 9 5 5 5 5 5 5 5 5 5 6 5 5 5 5 5 5 5 5 5 5 5 5 5 5 5 5 5 5 5 46 47 48 49 50 51 52 53 5 5 5 5 5 5 5 5 5 6 5 5 5 5 5 5 5 1 
1 2 2 2 5 5 2 2 2 2 2 2 2 6 5 5 2 2 2 2 2 2 2 2 2 5 5 2 2 2 2 2 2 94 95 96 97 98 99 100 101 2 2 2 2 2 2 2 2 5 5 5 5 5 5 5 5 5 5 5 5 5 5 5 5 5 5 5 5 5 5 5 5 5 5 5 5 5 5 5 5 5 10 11 5 5 5 5 10 11 5 5 5 10 11 5 5 5 5 5 5 5 5 5 5 5 5 5 5 5 5 5 5 5 5 5 5 5 5 5 5 5 5 5 54 55 56 57 58 59 60 61 5 5 5 5 5 5 5 5 5 6 5 5 5 5 5 5 5 1 
1 2 2 2 5 5 2 2 2 2 2 2 2 6 5 5 2 2 2 2 2 2 2 2 2 5 5 2 2 2 2 2 2 2 2 2 2 2 2 2 2 2 2 2 2 2 2 2 2 5 5 5 5 5 5 5 5 5 5 5 5 5 5 5 5 5 5 5 5 5 5 5 5 5 5 5 5 5 5 5 5 5 12 13 5 5 5 5 12 13 5 5 5 12 13 5 5 5 5 5 5 5 5 5 5 5 5 5 5 5 5 5 5 5 5 5 5 5 5 5 5 5 5 5 62 63 64 65 66 67 68 69 5 5 5 5 5 5 5 5 5 6 5 5 5 5 5 5 5 1 
1 2 2 2 5 5 2 2 2 2 2 2 2 6 5 5 2 2 2 2 2 2 2 2 2 5 5 2 2 2 2 2 2 2 2 2 2 2 2 2 2 2 2 2 2 2 2 2 2 5 5 5 5 5 5 5 5 5 5 5 5 5 5 5 5 5 5 5 5 5 5 5 5 5 5 5 5 5 5 5 5 5 5 5 5 5 5 5 5 5 5 5 5 5 5 5 5 5 5 5 5 5 5 5 5 5 5 5 5 5 5 5 5 5 5 5 5 5 5 5 5 5 5 5 70 71 72 73 74 75 76 77 5 5 5 5 5 5 5 5 5 6 5 5 5 5 5 5 5 1 
1 2 2 2 5 5 2 2 2 2 2 2 2 6 5 5 2 2 2 2 2 2 2 2 2 5 5 2 2 2 2 2 2 2 2 2 2 2 2 2 2 2 2 2 2 2 2 2 2 5 5 5 5 5 5 5 5 5 5 5 5 5 5 5 5 5 5 5 5 5 5 5 5 5 5 5 5 5 5 5 5 5 5 5 5 5 5 5 5 5 5 5 5 5 5 5 5 5 5 5 5 5 5 5 5 5 5 5 5 5 5 5 5 5 5 5 5 5 5 5 5 5 5 5 78 79 80 81 82 83 84 85 5 5 5 5 5 5 5 5 5 5 5 5 5 5 5 5 5 1 
1 2 2 2 5 5 2 2 2 2 2 2 2 6 5 5 2 2 2 2 2 2 2 2 2 5 5 2 2 2 2 2 2 2 2 2 2 2 2 2 2 2 2 2 5 5 5 5 5 5 5 5 5 5 5 5 5 5 5 5 5 2 2 2 5 5 5 5 5 5 5 5 5 5 5 5 5 5 5 5 5 5 5 5 5 5 5 5 5 5 5 5 5 5 5 5 5 5 5 5 5 5 5 5 5 5 5 5 5 5 5 5 5 5 5 5 5 5 5 5 5 5 5 5 86 87 88 89 90 91 92 93 5 5 5 5 5 5 5 5 5 5 5 5 5 5 5 5 5 1 
1 2 2 2 5 5 2 2 2 2 2 2 2 6 5 5 2 2 2 2 2 2 2 2 2 5 5 7 7 7 7 7 7 7 7 7 7 7 7 7 7 7 7 7 5 5 5 5 5 5 5 5 5 5 5 5 5 5 5 5 5 2 2 2 5 5 5 5 5 5 5 5 5 5 5 5 5 5 5 7 7 7 7 7 7 7 7 7 7 7 7 7 7 7 7 7 7 7 7 7 7 7 5 5 5 5 5 5 5 5 5 5 5 5 5 5 7 7 7 7 7 7 7 7 94 95 96 97 98 99 100 101 7 7 7 7 7 7 5 5 5 5 5 5 5 5 5 5 5 1 
1 2 2 2 5 5 2 2 2 2 2 2 2 6 5 5 2 2 2 2 2 2 2 2 2 5 5 5 5 5 5 5 5 5 5 5 5 5 5 5 5 5 5 5 5 5 5 5 5 5 5 5 5 5 5 5 5 5 5 5 5 2 102 103 104 105 106 107 108 109 5 5 5 5 5 5 5 5 5 5 5 5 5 5 5 5 5 5 5 5 5 5 5 5 5 5 5 5 5 5 5 5 5 5 5 5 5 5 5 5 5 5 5 5 5 5 5 5 5 5 5 5 5 5 5 5 5 5 5 5 5 5 5 5 5 5 5 5 5 5 5 5 5 5 5 5 5 5 5 1 
1 2 2 2 5 5 2 2 2 2 2 2 2 6 5 5 2 2 2 2 2 2 2 2 2 5 5 5 5 5 5 5 5 5 5 5 5 5 5 5 5 5 5 5 5 5 5 5 5 5 5 5 5 5 5 5 5 5 5 5 5 5 110 111 112 113 114 115 116 117 5 5 5 5 5 5 5 5 5 5 5 5 5 5 5 5 5 5 5 5 5 5 5 5 5 5 5 5 5 5 5 5 5 5 5 5 5 5 5 5 5 5 5 5 5 5 5 5 5 5 5 5 5 5 5 5 5 5 5 5 5 5 5 5 5 5 5 5 5 5 5 5 5 5 5 5 5 5 5 1 
1 2 2 2 5 5 2 2 2 2 2 2 2 6 5 5 2 2 2 2 2 2 2 2 2 7 7 7 7 7 7 7 7 7 7 7 7 7 7 7 7 7 7 7 5 5 5 5 5 5 5 5 5 5 5 5 5 5 5 5 5 5 118 119 120 121 122 123 124 125 5 5 5 5 7 7 7 7 7 7 7 7 7 7 7 7 7 7 7 7 7 7 7 7 7 7 7 7 7 7 7 7 7 7 7 7 7 7 7 7 7 7 7 7 5 5 5 5 5 5 5 5 5 5 5 5 5 5 5 5 5 5 5 5 5 5 5 5 5 5 5 5 5 5 5 5 5 5 5 1 
1 2 2 2 2 2 2 2 2 2 2 2 2 6 5 5 2 2 2 2 2 2 2 2 2 2 2 2 2 2 2 2 2 2 2 2 2 2 2 2 2 2 2 2 5 5 5 5 5 5 5 5 5 5 5 5 5 5 5 5 5 5 126 127 128 129 130 131 132 133 5 5 5 5 5 5 5 5 5 5 5 5 5 5 5 5 5 5 5 5 5 5 5 5 5 5 5 5 5 5 5 5 5 5 5 5 5 5 5 5 5 5 5 5 5 5 5 5 5 5 5 5 5 5 5 5 5 5 5 5 5 5 5 5 5 5 5 5 5 5 5 5 5 5 5 5 5 5 5 1 
1 2 2 2 2 2 2 2 2 2 2 2 2 6 5 5 2 2 2 2 2 2 2 2 2 2 2 2 2 2 2 2 2 2 2 2 2 2 2 2 2 2 2 2 5 5 5 5 5 5 5 5 5 5 5 5 5 5 5 5 5 5 134 135 136 137 138 139 140 141 5 5 5 5 5 5 5 5 5 5 5 5 5 5 5 5 5 5 5 5 5 5 5 5 5 5 5 5 5 5 5 5 5 5 5 5 5 5 5 5 5 5 5 5 5 5 5 5 5 5 5 5 5 5 5 5 5 5 5 5 5 5 5 5 5 5 5 5 5 5 5 5 5 5 5 5 5 5 5 1 
1 2 2 2 2 2 2 2 2 2 2 2 2 6 5 5 2 2 2 2 2 2 2 2 2 2 2 2 2 2 2 2 2 2 2 2 2 2 2 2 2 2 2 2 2 2 2 2 2 2 2 2 2 2 2 2 2 5 5 5 5 5 142 143 144 145 146 147 148 149 5 5 5 5 5 5 5 5 5 5 5 5 5 5 5 5 5 5 5 5 5 5 5 5 5 5 5 5 5 5 5 5 14 15 16 17 18 19 20 21 5 5 5 5 5 5 5 5 5 5 5 5 5 5 5 5 5 5 5 5 5 5 5 5 5 5 2 2 2 2 2 2 2 2 2 2 2 2 2 1 
1 2 2 2 2 2 2 2 2 2 2 2 2 6 5 5 2 2 2 2 2 2 2 2 2 2 2 2 2 2 2 2 2 2 2 2 2 2 2 2 2 2 2 2 2 2 2 2 2 2 2 2 2 2 2 2 2 2 2 2 2 2 150 151 152 153 154 155 156 157 2 2 2 2 2 2 2 2 2 2 2 2 2 2 2 2 5 5 5 5 5 5 5 5 5 5 5 5 5 5 5 5 22 23 24 25 26 27 28 29 5 5 5 5 5 5 5 5 5 5 5 5 5 5 5 5 5 5 5 5 5 5 5 5 5 5 2 2 2 2 2 2 2 2 2 2 2 2 2 1 
1 5 5 5 5 5 5 5 5 5 5 5 5 5 5 5 2 2 2 2 2 2 2 2 2 2 2 2 2 2 2 5 5 5 5 5 5 5 5 2 2 2 2 2 2 2 2 2 2 2 2 2 2 2 2 2 2 2 2 2 2 2 158 159 160 161 162 163 164 165 2 2 2 2 2 2 2 2 2 2 2 2 2 2 2 2 5 5 5 5 5 5 5 5 5 5 5 5 5 5 5 5 30 31 32 33 34 35 36 37 5 5 5 5 5 5 5 5 5 5 5 5 5 5 5 5 5 5 5 5 5 5 5 5 5 5 5 5 2 2 2 2 2 2 2 2 2 2 2 1 
1 5 5 5 5 5 5 5 5 5 5 5 5 5 5 5 2 2 2 2 2 2 2 2 2 2 2 2 2 2 2 14 15 16 17 18 19 20 21 2 2 2 2 2 2 2 2 2 2 2 2 2 2 2 2 2 2 2 2 2 2 2 5 5 5 2 2 2 2 2 2 2 2 2 2 2 2 2 2 2 2 102 103 104 105 106 107 108 109 5 5 5 5 5 5 5 5 5 5 5 5 5 38 39 40 41 42 43 44 45 5 5 5 5 5 5 5 5 5 5 5 5 5 5 5 5 5 5 5 5 5 5 5 5 5 5 5 5 2 2 2 2 2 2 2 2 2 2 2 1 
1 2 2 2 2 2 2 2 2 2 2 2 5 5 5 5 5 5 5 5 5 5 5 5 5 5 5 5 5 5 5 22 23 24 25 26 27 28 29 5 5 5 5 5 5 5 5 5 5 5 5 5 5 5 5 5 5 5 5 5 5 5 2 2 2 2 2 2 2 2 2 2 2 2 2 2 2 2 2 2 2 110 111 112 113 114 115 116 117 5 5 5 5 5 5 5 5 5 5 5 5 5 46 47 48 49 50 51 52 53 5 5 5 5 5 5 6 5 5 5 5 5 5 5 5 5 5 5 5 5 5 5 5 5 5 5 5 5 2 2 2 2 2 2 2 2 2 2 2 1 
1 2 2 2 2 2 2 2 2 2 2 2 5 5 5 5 5 5 5 5 5 5 5 5 5 5 5 5 5 5 5 30 31 32 33 34 35 36 37 5 5 5 5 5 5 5 5 5 5 5 5 5 5 5 5 5 5 5 5 5 5 5 2 2 2 2 2 2 2 2 2 2 2 2 2 2 2 2 2 2 2 118 119 120 121 122 123 124 125 5 5 5 5 5 5 5 5 5 5 5 5 5 54 55 56 57 58 59 60 61 5 5 5 5 5 5 6 5 5 5 5 5 5 5 5 5 5 5 5 5 5 5 5 5 5 5 5 5 2 2 2 2 2 2 2 2 2 2 2 1 
1 2 2 2 2 2 2 2 2 2 2 2 5 5 5 5 5 5 5 5 5 5 5 5 5 5 5 5 5 5 5 38 39 40 41 42 43 44 45 5 5 5 5 5 5 5 5 5 5 5 5 5 5 5 5 5 5 5 5 5 5 5 2 2 2 2 2 2 2 2 2 2 2 2 2 2 2 2 2 2 2 126 127 128 129 130 131 132 133 5 5 5 5 5 5 5 5 5 5 5 5 5 62 63 64 65 66 67 68 69 5 5 5 5 5 5 6 5 5 5 5 5 5 5 5 5 5 5 5 5 5 5 5 5 5 5 5 5 2 2 2 2 2 2 2 2 2 2 2 1 
1 2 2 2 2 2 2 2 2 2 2 2 5 5 5 5 5 5 5 5 5 5 5 5 5 5 5 5 5 5 5 46 47 48 49 50 51 52 53 5 5 5 5 5 5 5 5 5 5 5 5 5 5 5 5 7 5 5 6 5 5 5 2 2 2 2 2 2 2 2 2 2 2 2 2 2 2 2 2 2 2 134 135 136 137 138 139 140 141 5 5 5 5 5 5 5 5 5 5 5 5 5 70 71 72 73 74 75 76 77 5 5 5 5 5 5 6 5 5 5 5 5 5 5 5 5 5 5 5 5 5 5 5 5 5 5 5 5 2 2 2 2 2 2 2 2 2 2 2 1 
1 2 2 2 2 2 2 2 2 2 2 2 5 5 5 5 5 5 5 5 5 5 5 5 5 5 5 5 5 5 5 54 55 56 57 58 59 60 61 5 5 5 5 5 5 5 5 5 5 5 5 5 5 5 5 7 5 5 6 5 5 5 2 2 2 2 2 2 2 2 2 2 2 2 2 2 2 2 2 2 2 142 143 144 145 146 147 148 149 5 5 5 5 5 5 5 5 5 5 5 5 5 78 79 80 81 82 83 84 85 5 5 5 5 5 5 6 5 5 5 5 5 5 5 5 5 5 5 5 5 5 5 5 5 5 3 5 5 3 2 2 2 2 2 2 2 2 2 2 1 
1 2 2 102 103 104 105 106 107 108 109 2 5 5 5 5 5 5 5 5 5 5 5 5 5 8 9 5 5 5 5 62 63 64 65 66 67 68 69 5 5 5 5 5 5 5 5 5 5 5 5 5 5 5 5 7 5 5 6 5 5 5 2 2 2 2 2 2 2 2 2 2 2 2 2 2 2 2 2 2 2 150 151 152 153 154 155 156 157 5 5 5 5 5 5 5 5 5 5 5 5 5 86 87 88 89 90 91 92 93 5 5 5 5 5 5 6 5 5 5 5 5 5 5 5 5 5 5 5 5 5 5 5 5 5 5 5 5 5 5 5 5 5 5 5 5 2 2 2 1 
1 2 2 110 111 112 113 114 115 116 117 2 5 5 5 5 5 5 8 9 5 5 5 5 5 10 11 5 5 5 5 70 71 72 73 74 75 76 77 5 5 5 5 5 5 5 5 5 5 8 9 5 5 5 5 7 5 5 6 5 5 5 2 2 2 2 2 2 2 2 2 2 2 2 2 2 2 2 2 2 2 158 159 160 161 162 163 164 165 5 5 5 5 5 5 5 5 5 5 5 5 5 94 95 96 97 98 99 100 101 5 5 5 5 5 5 6 5 5 5 5 5 5 5 5 5 5 5 5 5 5 5 5 5 5 5 5 5 5 5 5 5 5 5 5 5 2 2 2 1 
1 2 2 118 119 120 121 122 123 124 125 2 5 5 5 5 5 5 10 11 5 5 5 5 5 12 13 5 5 5 5 78 79 80 81 82 83 84 85 5 5 5 5 5 5 5 5 5 5 10 11 5 5 5 5 7 5 5 6 5 5 5 2 2 2 2 2 2 2 2 2 2 2 2 2 2 2 2 2 2 2 2 2 2 2 2 5 5 5 5 102 103 104 105 106 107 108 109 5 5 5 5 5 5 5 5 5 5 5 5 5 5 5 5 5 5 6 5 5 5 5 5 5 5 5 5 5 5 5 5 5 5 5 5 5 3 5 5 3 2 2 2 2 2 2 2 2 2 2 1 
1 2 2 126 127 128 129 130 131 132 133 2 5 5 5 5 5 5 12 13 5 5 5 5 5 5 5 5 5 5 5 86 87 88 89 90 91 92 93 5 5 5 5 5 5 5 5 5 5 12 13 5 5 5 5 7 5 5 6 5 5 5 2 2 2 2 2 2 2 2 2 2 2 2 2 2 2 2 2 2 2 2 2 2 2 2 5 5 5 5 110 111 112 113 114 115 116 117 5 5 5 5 5 5 5 5 5 5 5 5 5 5 5 5 5 5 6 5 5 5 5 5 5 5 5 5 5 5 5 5 5 5 5 5 5 5 5 5 2 2 2 2 2 2 2 2 2 2 2 1 
1 2 2 134 135 136 137 138 139 140 141 2 5 5 5 5 5 5 5 5 5 5 5 5 5 5 5 5 5 5 5 94 95 96 97 98 99 100 101 5 5 5 5 5 5 5 5 5 5 5 5 5 5 5 5 7 5 5 6 5 5 5 2 2 2 2 2 2 2 2 2 2 2 2 2 2 2 2 2 2 2 2 2 2 2 2 5 5 5 5 118 119 120 121 122 123 124 125 5 5 5 5 5 5 5 5 5 5 5 5 5 5 5 5 5 5 6 5 5 5 5 5 5 5 5 5 5 5 5 5 5 5 5 5 5 5 5 5 2 2 2 2 2 2 2 2 2 2 2 1 
1 2 2 142 143 144 145 146 147 148 149 5 5 5 5 5 5 5 5 5 5 5 5 5 5 5 5 5 5 5 5 5 5 5 5 5 5 5 5 5 5 5 5 5 5 5 5 5 5 5 5 5 5 5 5 7 5 5 6 5 5 5 2 2 2 2 2 2 2 2 2 2 2 2 2 2 2 2 2 2 2 2 2 2 2 2 5 5 5 5 126 127 128 129 130 131 132 133 5 5 5 6 6 6 6 6 6 6 6 6 6 5 5 5 5 5 6 5 5 5 5 5 5 5 5 5 5 5 5 5 5 5 5 5 5 5 5 5 2 2 2 2 2 2 2 2 2 2 2 1 
1 2 2 150 151 152 153 154 155 156 157 5 5 5 5 5 5 5 5 5 5 5 5 5 5 5 5 5 5 5 5 5 5 5 5 5 5 5 5 5 5 5 5 5 5 5 5 5 5 5 5 5 5 5 5 7 5 5 6 5 5 5 2 2 2 2 2 2 2 2 2 2 2 2 2 2 2 2 2 2 2 2 2 2 2 2 5 5 5 5 134 135 136 137 138 139 140 141 5 5 5 5 5 5 5 5 5 5 5 5 5 5 5 5 5 5 6 5 5 5 5 5 5 5 5 5 5 5 5 5 5 5 5 5 5 5 5 5 2 2 2 2 2 2 2 2 2 2 2 1 
1 2 2 158 159 160 161 162 163 164 165 5 5 5 5 5 7 7 7 7 7 7 7 7 7 7 7 7 7 7 7 7 7 7 7 7 7 7 7 7 7 7 7 7 7 7 7 7 7 7 7 7 7 7 7 7 5 5 6 5 5 5 2 2 2 2 2 2 2 2 2 2 2 2 2 2 2 2 2 2 2 2 2 2 2 2 5 5 5 5 142 143 144 145 146 147 148 149 5 5 5 5 5 5 5 5 5 5 5 5 5 5 5 5 5 5 6 5 5 5 5 5 5 5 5 5 5 5 5 5 5 5 5 5 5 5 5 5 2 2 2 2 2 2 2 2 2 2 2 1 
1 2 2 2 5 5 5 5 5 5 5 5 5 5 5 5 5 5 5 5 5 5 5 5 5 5 5 5 5 5 5 5 5 5 5 5 5 5 5 5 5 5 5 5 5 5 5 5 5 5 5 5 5 5 5 5 5 5 6 5 5 5 2 2 2 2 2 2 2 2 2 2 2 2 2 2 2 2 2 2 2 2 2 2 2 2 5 5 5 5 150 151 152 153 154 155 156 157 5 5 5 5 5 6 6 6 6 6 6 6 6 6 6 5 5 5 5 5 5 5 5 5 5 5 5 5 5 5 5 5 5 5 5 5 5 5 5 5 2 2 2 2 2 2 2 2 2 2 2 1 
1 2 2 2 5 5 5 5 5 5 5 5 5 5 5 5 5 5 5 5 5 5 5 5 5 5 5 5 5 5 5 5 5 5 5 5 5 5 5 5 5 5 5 5 5 5 5 5 5 5 5 5 5 5 5 5 5 5 6 5 5 5 2 2 2 2 2 2 2 2 2 2 2 2 2 2 2 2 2 2 2 2 2 2 2 2 5 5 5 5 158 159 160 161 162 163 164 165 5 5 5 5 5 5 5 5 5 5 5 5 5 5 5 5 5 5 5 5 5 5 5 5 5 5 5 5 5 5 5 5 5 5 5 5 5 5 5 5 2 2 2 2 2 2 2 2 2 2 2 1 
1 2 2 2 5 5 5 5 5 5 5 5 5 5 7 7 7 7 7 7 7 7 7 7 7 7 7 7 7 7 7 7 7 7 7 7 7 7 7 7 5 5 5 5 5 5 5 5 5 5 5 5 5 5 5 5 5 5 6 5 5 5 2 2 2 2 2 2 2 2 2 2 2 2 2 2 2 2 2 2 2 2 2 2 2 2 5 5 5 5 5 5 5 5 5 5 5 5 5 5 5 5 5 5 5 5 5 5 5 5 5 5 5 5 5 5 5 5 5 5 5 5 5 5 5 5 5 5 5 5 5 5 5 5 5 5 2 2 2 2 2 2 2 2 2 2 2 2 2 1 
1 2 2 2 5 5 5 5 5 5 5 5 5 5 5 5 5 5 5 5 5 5 5 5 5 5 5 5 5 5 5 5 5 5 5 5 5 5 5 5 5 5 6 5 5 5 5 5 5 5 5 5 5 5 5 5 5 5 6 5 5 5 2 2 2 2 2 2 2 2 2 2 2 2 2 2 2 2 2 2 2 2 2 2 2 2 5 5 5 5 5 5 5 5 5 5 5 5 5 5 5 5 5 5 5 5 5 5 5 5 5 5 5 5 5 5 5 5 5 5 5 5 5 5 5 5 5 5 5 5 5 5 5 5 5 5 2 2 2 2 2 2 2 2 2 2 2 2 2 1 
1 2 2 2 2 2 2 2 2 2 2 2 5 5 5 5 5 5 5 5 5 5 5 5 5 5 5 5 5 5 5 5 5 5 5 5 5 5 5 5 5 5 6 5 5 5 5 5 5 5 5 5 5 5 5 5 5 5 6 5 5 5 2 2 2 2 2 2 2 2 2 2 2 2 2 2 2 2 2 2 2 2 2 2 2 2 5 5 5 5 5 5 5 5 5 5 8 9 5 5 5 5 5 5 5 5 5 5 5 5 5 5 5 5 5 5 5 5 5 5 5 5 5 5 5 5 5 5 5 5 5 5 5 5 5 5 2 2 2 2 2 2 2 2 2 2 2 2 2 1 
1 2 2 2 2 2 2 2 2 2 2 2 5 5 5 5 5 5 5 5 5 5 5 5 5 5 5 5 5 5 5 5 5 5 5 5 5 5 5 5 5 5 6 5 5 5 5 5 5 5 5 5 5 5 5 5 5 5 6 5 5 5 2 2 2 2 2 2 2 2 2 2 2 2 2 2 2 2 2 2 2 2 2 2 2 2 5 5 5 6 5 5 5 5 5 5 10 11 5 5 5 5 5 5 5 5 5 5 5 5 14 15 16 17 18 19 20 21 5 5 5 5 5 5 5 5 5 5 5 5 5 5 5 5 5 5 2 2 2 2 2 2 2 2 2 2 2 2 2 1 
1 2 2 3 3 2 2 2 3 3 2 2 5 5 3 3 5 5 5 5 5 5 5 5 5 5 5 5 5 5 5 5 5 5 5 5 5 5 5 5 5 5 6 5 5 5 5 5 5 5 5 5 5 5 5 5 5 5 6 5 5 5 2 2 2 2 2 2 2 2 2 2 2 2 2 2 2 2 2 2 2 2 2 2 2 2 5 5 5 6 5 5 5 5 5 5 12 13 5 5 5 5 5 5 5 5 5 5 5 5 22 23 24 25 26 27 28 29 5 5 5 5 5 5 5 5 5 5 5 5 5 5 5 5 5 5 2 2 2 2 2 2 2 2 2 2 2 2 2 1 
1 2 2 5 5 2 2 2 5 5 2 2 5 5 5 5 5 5 5 5 5 5 5 5 5 5 5 5 5 5 5 5 5 5 5 5 5 5 5 5 5 5 6 5 5 14 15 16 17 18 19 20 21 5 5 6 5 5 6 5 5 5 2 2 2 2 2 2 2 2 2 2 2 2 2 2 2 2 2 2 2 2 2 2 2 2 5 5 5 6 5 5 5 5 5 5 5 5 5 5 5 5 5 5 5 5 5 5 5 5 30 31 32 33 34 35 36 37 5 5 5 5 5 5 5 5 5 5 5 5 5 5 5 5 102 103 104 105 106 107 108 109 2 2 2 2 2 2 2 1 
1 2 2 5 5 2 2 2 5 5 2 2 5 5 5 5 5 5 5 5 5 5 5 5 5 5 5 5 5 5 5 5 5 5 5 5 5 5 5 5 5 5 6 5 5 22 23 24 25 26 27 28 29 5 5 6 5 5 6 5 5 5 2 2 2 2 2 2 2 2 2 2 2 2 2 2 2 2 2 2 2 2 2 2 2 2 5 5 5 6 5 5 5 5 5 5 5 5 5 5 5 5 5 5 5 5 5 5 5 5 38 39 40 41 42 43 44 45 5 5 5 5 5 5 5 5 5 6 5 5 5 5 5 5 110 111 112 113 114 115 116 117 2 2 2 2 2 2 2 1 
1 2 2 5 5 2 2 2 5 5 2 2 5 5 5 5 5 5 5 5 5 5 5 5 5 5 5 5 5 5 5 5 5 5 5 5 5 5 5 5 5 5 6 5 5 30 31 32 33 34 35 36 37 5 5 6 5 5 6 5 5 5 2 2 2 2 2 2 2 2 2 2 2 2 2 2 2 2 2 2 2 2 2 2 2 2 5 5 5 6 5 5 5 5 5 5 5 5 5 5 5 5 5 5 5 5 5 5 5 5 46 47 48 49 50 51 52 53 5 5 5 5 5 5 5 5 5 6 5 5 5 5 5 5 118 119 120 121 122 123 124 125 2 2 2 2 2 2 2 1 
1 2 2 5 5 2 2 2 5 5 2 2 5 5 5 5 5 5 5 5 5 5 5 5 5 5 5 5 5 5 5 5 5 5 5 5 5 5 5 5 5 5 6 5 5 38 39 40 41 42 43 44 45 5 5 6 5 5 6 5 5 5 2 2 2 2 2 2 2 2 2 2 2 2 2 2 2 2 2 2 2 2 2 2 2 2 5 5 5 6 5 5 6 5 5 5 5 5 5 5 5 5 5 5 5 5 5 5 5 5 54 55 56 57 58 59 60 61 5 5 5 5 5 5 5 5 5 6 5 5 5 5 5 5 126 127 128 129 130 131 132 133 2 2 2 2 2 2 2 1 
1 2 2 5 5 2 2 2 5 5 2 2 5 5 5 5 5 5 5 5 5 5 5 5 5 5 5 5 5 5 5 5 5 5 5 5 5 5 5 5 5 5 6 5 5 46 47 48 49 50 51 52 53 5 5 6 5 5 6 5 5 5 2 2 2 2 2 2 2 2 2 2 2 2 2 2 2 2 2 2 2 2 2 2 2 2 5 5 5 6 5 5 6 5 5 5 5 5 5 5 5 5 5 5 5 5 5 5 5 5 62 63 64 65 66 67 68 69 5 5 5 5 5 5 5 5 5 6 5 5 5 5 5 5 134 135 136 137 138 139 140 141 2 2 2 2 2 2 2 1 
1 2 2 5 5 2 2 2 5 5 2 2 5 5 5 5 5 5 5 5 5 5 5 5 5 5 5 5 5 5 5 5 5 5 5 5 5 5 5 5 5 5 6 5 5 54 55 56 57 58 59 60 61 5 5 6 5 5 6 5 5 5 2 2 2 2 2 2 2 2 2 2 2 2 2 2 2 2 2 2 2 2 2 2 2 2 5 5 5 6 5 5 6 5 5 5 5 5 5 5 5 5 5 5 5 5 5 5 5 5 70 71 72 73 74 75 76 77 5 5 5 5 5 5 5 5 5 6 5 5 5 5 5 5 142 143 144 145 146 147 148 149 2 2 2 2 2 2 2 1 
1 2 2 5 5 2 2 2 5 5 2 2 5 5 5 5 5 5 5 5 5 5 5 5 5 5 5 5 5 5 5 5 5 5 5 5 5 5 5 5 5 5 6 5 5 62 63 64 65 66 67 68 69 5 5 6 5 5 6 5 5 5 2 2 2 2 2 2 2 2 2 2 2 2 2 2 2 2 2 2 2 2 2 2 2 2 5 5 5 6 5 5 6 5 5 5 5 5 5 5 5 5 5 5 5 5 5 5 5 5 78 79 80 81 82 83 84 85 5 5 5 5 5 5 5 5 5 6 5 5 5 5 5 5 150 151 152 153 154 155 156 157 2 2 2 2 2 2 2 1 
1 2 2 5 5 2 2 2 5 5 2 2 5 5 5 5 5 5 5 5 5 5 5 5 5 5 5 5 5 5 5 5 5 5 5 5 5 5 5 5 5 5 6 5 5 70 71 72 73 74 75 76 77 5 5 6 5 5 6 5 5 5 2 2 2 2 2 2 2 2 2 2 2 2 2 2 2 2 2 2 2 2 2 2 2 2 5 5 5 6 5 5 6 5 5 5 5 5 5 5 5 5 5 5 5 5 5 5 5 5 86 87 88 89 90 91 92 93 5 5 5 5 5 5 5 5 5 6 5 5 5 5 5 5 158 159 160 161 162 163 164 165 2 2 2 2 2 2 2 1 
1 2 2 5 5 2 2 2 5 5 2 2 5 5 5 5 5 5 5 5 5 5 5 5 5 5 5 5 5 5 5 5 5 5 5 5 5 5 5 5 5 5 6 5 5 78 79 80 81 82 83 84 85 5 5 6 5 5 6 5 5 5 2 2 2 2 2 2 2 2 2 2 2 2 2 2 2 2 2 2 2 2 2 2 2 2 5 5 5 6 5 5 6 5 5 5 5 5 5 5 5 5 5 5 5 5 5 5 5 5 94 95 96 97 98 99 100 101 5 5 5 5 5 5 5 5 5 6 5 5 5 5 5 5 5 5 2 2 2 2 2 2 2 2 2 2 2 2 2 1 
1 2 2 3 3 2 2 2 3 3 2 2 5 5 3 3 5 5 5 5 5 5 5 5 5 5 5 5 5 5 5 5 5 5 5 5 5 5 5 5 5 5 5 5 5 86 87 88 89 90 91 92 93 5 5 6 5 5 6 5 5 5 2 2 2 2 2 2 2 2 2 2 2 2 2 2 2 2 2 2 2 2 2 2 2 2 5 5 5 6 5 5 6 5 5 5 5 5 5 5 5 5 5 5 5 5 5 5 5 5 5 5 5 5 5 5 5 5 5 5 5 5 5 5 5 5 5 6 5 5 5 5 5 5 5 5 2 2 2 2 2 2 2 2 2 2 2 2 2 1 
1 2 2 2 2 2 2 2 2 2 5 5 2 5 5 5 5 5 5 5 5 5 5 5 5 5 5 5 5 5 5 5 5 5 5 5 5 5 5 5 5 5 5 5 5 94 95 96 97 98 99 100 101 5 5 6 5 5 6 5 5 5 2 2 2 2 2 2 2 2 2 2 2 2 2 2 2 2 2 2 2 2 2 2 2 2 5 5 5 6 5 5 6 5 5 5 5 5 5 5 5 5 5 5 5 5 5 5 5 5 5 5 5 5 5 5 5 5 5 5 5 5 5 5 5 5 5 6 5 5 5 5 5 5 5 5 2 2 2 2 2 2 2 2 2 2 2 2 2 1 
1 2 5 5 5 5 5 5 5 5 5 5 2 5 5 5 5 5 5 5 6 5 5 5 5 5 5 5 5 5 5 5 5 5 5 5 5 5 5 5 5 5 5 5 5 5 5 5 5 5 5 5 5 5 5 6 5 5 6 5 5 5 2 2 2 2 2 2 2 2 2 2 2 2 2 2 2 2 2 2 2 2 2 2 2 2 5 5 5 6 5 5 6 5 5 5 5 5 5 8 9 5 5 5 5 5 5 5 5 5 5 5 5 5 5 5 5 5 5 5 5 5 5 5 5 5 5 6 5 5 5 5 5 5 5 5 2 2 2 2 2 2 2 2 2 2 2 2 2 1 
1 2 5 5 5 5 5 5 5 5 5 5 2 5 5 5 5 5 5 5 6 5 5 5 5 5 14 15 16 17 18 19 20 21 5 5 5 5 5 5 5 5 5 5 5 5 5 5 5 5 5 5 5 5 5 6 5 5 6 5 5 5 2 2 2 2 2 2 2 2 2 2 2 2 2 2 2 2 2 2 2 2 2 2 2 2 5 5 5 6 5 5 6 5 5 5 5 5 5 10 11 5 5 5 5 5 5 5 5 5 5 5 5 5 5 5 5 5 5 5 5 5 5 5 5 5 5 6 5 5 5 5 5 5 5 5 2 2 2 2 2 2 2 2 2 2 2 2 2 1 
1 2 5 5 5 5 5 5 5 5 5 5 5 5 5 5 5 5 5 5 6 5 5 5 5 5 22 23 24 25 26 27 28 29 5 5 5 5 5 5 5 5 5 5 5 5 5 5 5 5 5 5 5 5 5 5 5 5 6 5 5 5 2 2 2 2 2 2 2 2 2 2 2 2 2 2 2 2 2 2 2 2 2 2 2 2 5 5 5 6 5 5 6 5 5 5 5 5 5 12 13 5 5 5 5 5 5 5 5 5 5 5 5 5 5 5 5 5 5 5 5 5 5 5 5 5 5 6 5 5 5 5 5 5 5 5 2 2 2 2 2 2 2 2 2 2 2 2 2 1 
1 2 5 5 5 5 5 5 5 5 5 5 5 5 5 5 5 5 5 5 6 5 5 5 5 5 30 31 32 33 34 35 36 37 5 5 5 5 5 5 5 5 5 5 5 5 5 5 5 5 5 5 5 5 5 5 5 5 6 5 5 5 2 2 2 2 2 2 2 2 2 2 2 2 2 2 2 2 2 2 2 2 2 2 2 2 5 5 5 6 5 5 6 5 5 5 5 5 5 5 5 5 5 5 5 5 5 5 7 7 7 7 7 7 7 7 7 7 7 7 7 7 7 7 7 5 5 5 5 5 5 5 5 5 5 5 2 2 2 2 2 2 2 2 2 2 2 2 2 1 
1 2 5 5 5 5 102 103 104 105 106 107 108 109 5 5 5 5 5 5 6 5 5 5 5 5 38 39 40 41 42 43 44 45 5 5 5 5 5 5 5 5 5 5 5 5 5 5 5 5 5 5 5 5 5 5 5 5 6 5 5 5 2 2 2 2 2 2 2 2 2 2 2 2 2 2 2 2 2 2 2 2 2 2 2 2 5 5 5 6 5 5 6 5 5 5 5 5 5 5 5 5 5 5 5 5 5 5 5 5 5 5 5 5 5 5 5 5 5 5 5 5 5 5 5 5 5 5 5 5 5 5 5 5 5 5 2 2 2 2 2 2 2 2 2 2 2 2 2 1 
1 2 5 5 5 5 110 111 112 113 114 115 116 117 5 5 5 5 5 5 6 5 5 5 5 5 46 47 48 49 50 51 52 53 5 5 5 5 5 5 5 5 5 5 5 5 5 5 5 5 5 5 5 5 5 5 5 5 6 5 5 5 2 2 2 2 2 2 2 2 2 2 2 2 2 2 2 2 2 2 2 2 2 2 2 2 5 5 5 6 5 5 6 5 5 5 5 5 5 5 5 5 5 5 5 5 5 5 5 5 5 5 5 5 5 5 5 5 5 5 5 5 5 5 5 5 5 2 2 2 2 5 5 5 5 5 2 2 2 2 2 2 2 2 2 2 2 2 2 1 
1 2 5 5 5 5 118 119 120 121 122 123 124 125 5 5 5 5 5 5 6 5 5 5 5 5 54 55 56 57 58 59 60 61 5 5 5 5 5 5 5 5 5 5 5 5 5 5 5 5 5 5 5 5 5 4 5 5 6 5 5 5 2 2 2 2 2 2 2 2 2 2 2 2 2 2 2 2 2 2 2 2 2 2 2 2 5 5 5 6 5 5 6 5 5 5 5 5 5 5 5 5 5 5 5 5 5 5 6 5 5 5 5 5 5 5 5 5 5 5 5 5 5 5 5 5 5 2 2 2 2 102 103 104 105 106 107 108 109 2 2 2 2 2 2 2 2 2 2 1 
1 2 5 5 5 5 126 127 128 129 130 131 132 133 5 5 5 5 5 5 6 5 5 5 5 5 62 63 64 65 66 67 68 69 5 5 5 5 5 5 5 5 5 5 5 5 5 5 5 5 5 5 5 5 5 5 5 5 5 5 5 5 2 2 2 2 2 2 2 2 2 2 2 2 2 2 2 2 2 2 2 2 2 2 2 2 5 5 5 6 5 5 6 5 5 5 5 5 5 5 5 5 5 5 5 5 5 5 6 5 5 5 5 5 5 5 5 5 5 5 5 5 5 5 5 5 5 2 2 2 2 110 111 112 113 114 115 116 117 2 2 2 2 2 2 2 2 2 2 1 
1 2 5 5 5 5 134 135 136 137 138 139 140 141 5 5 5 5 5 5 6 5 5 5 5 5 70 71 72 73 74 75 76 77 5 5 5 5 5 5 5 5 5 5 5 5 5 5 5 5 5 5 5 5 5 5 5 5 5 5 5 5 2 2 2 2 2 2 2 2 2 2 2 2 2 2 2 2 2 2 2 2 2 2 2 2 5 5 5 6 5 5 6 5 5 5 5 5 5 5 5 5 5 5 5 5 5 5 6 5 5 5 5 5 5 5 5 5 5 5 5 5 5 5 5 5 5 2 2 2 2 118 119 120 121 122 123 124 125 2 2 2 2 2 2 2 2 2 2 1 
1 2 5 5 5 5 142 143 144 145 146 147 148 149 5 5 5 5 5 5 6 5 5 5 5 5 78 79 80 81 82 83 84 85 5 5 5 5 5 5 5 5 5 5 5 5 5 4 5 5 5 5 5 5 5 4 5 5 5 5 5 5 2 2 2 2 2 2 2 2 2 2 2 2 2 2 2 2 2 2 2 2 2 2 2 2 5 5 5 6 5 5 6 5 5 5 5 5 5 5 5 5 5 5 5 5 5 5 6 5 5 5 5 5 5 5 5 5 5 5 5 5 5 5 5 5 5 2 2 2 2 126 127 128 129 130 131 132 133 2 2 2 2 2 2 2 2 2 2 1 
1 2 5 5 5 5 150 151 152 153 154 155 156 157 5 5 5 5 5 5 6 5 5 5 5 5 86 87 88 89 90 91 92 93 5 5 5 5 5 5 5 5 5 5 5 5 5 5 5 5 5 5 5 5 5 5 5 5 5 5 5 5 2 2 2 2 2 2 2 2 2 2 2 2 2 2 2 2 2 2 2 2 2 2 2 2 5 5 5 6 5 5 6 5 5 5 5 5 5 5 5 5 5 5 5 5 5 5 6 5 5 5 5 5 5 8 9 5 5 5 8 9 5 5 8 9 5 2 2 2 2 134 135 136 137 138 139 140 141 2 2 2 2 2 2 2 2 2 2 1 
1 2 5 5 5 5 158 159 160 161 162 163 164 165 5 5 5 5 5 5 6 5 5 5 5 5 94 95 96 97 98 99 100 101 5 5 5 5 5 5 8 9 5 5 5 5 5 5 5 5 8 9 5 5 5 5 5 5 5 5 5 5 2 2 2 2 2 2 2 2 2 2 2 2 2 2 2 2 2 2 2 2 2 2 2 2 5 5 5 6 5 5 6 5 5 5 5 5 5 5 5 5 5 5 5 5 5 5 6 5 5 5 5 5 5 10 11 5 5 5 10 11 5 5 10 11 5 2 2 2 2 142 143 144 145 146 147 148 149 2 2 2 2 2 2 2 2 2 2 1 
1 2 5 5 5 5 5 5 5 5 5 5 5 5 5 5 5 5 5 5 6 5 5 5 5 5 5 5 5 5 5 5 5 5 5 5 5 5 5 5 10 11 5 5 5 5 5 5 5 5 10 11 5 5 5 5 5 5 5 5 5 5 2 2 2 2 2 2 2 2 2 2 2 2 2 2 2 2 2 2 2 2 2 2 2 2 5 5 5 6 5 5 5 5 5 5 5 5 5 5 5 5 5 5 5 5 5 5 6 5 5 5 5 5 5 12 13 5 5 5 12 13 5 5 12 13 5 2 2 2 2 150 151 152 153 154 155 156 157 2 2 2 2 2 2 2 2 2 2 1 
1 2 5 5 5 5 5 5 5 5 5 5 5 5 5 5 5 5 5 5 5 5 5 5 5 5 5 5 5 5 5 5 5 5 5 5 5 5 5 5 12 13 5 5 5 5 5 2 2 2 12 13 2 2 2 2 2 2 2 2 2 2 2 2 2 2 2 2 2 2 2 2 2 2 2 2 2 2 2 2 2 2 2 2 2 2 2 2 2 2 2 2 2 2 2 2 2 2 2 2 2 2 2 2 2 2 5 5 6 2 2 2 2 2 5 5 5 5 5 5 5 5 5 5 5 5 5 2 2 2 2 158 159 160 161 162 163 164 165 2 2 2 2 2 2 2 2 2 2 1 
1 2 5 5 5 5 5 5 5 5 5 5 5 5 5 5 5 5 5 5 5 5 5 5 5 5 5 5 5 5 5 5 5 5 5 5 5 5 5 5 5 5 5 5 5 5 5 2 2 2 2 2 2 2 2 2 2 2 2 2 2 2 2 2 2 2 2 2 2 2 2 2 2 2 2 2 2 2 2 2 2 2 2 2 2 2 2 2 2 2 2 2 2 2 2 2 2 2 2 2 2 5 2 2 2 2 5 5 6 2 2 2 2 2 5 5 5 5 5 5 5 5 5 5 5 5 5 5 5 5 5 5 5 5 5 5 2 2 2 2 2 2 2 2 2 2 2 2 2 1 
1 2 5 5 5 5 5 5 5 5 5 5 5 5 5 5 5 5 5 5 5 5 5 5 5 5 5 5 5 5 5 5 5 5 5 5 5 5 5 5 5 5 5 5 5 5 5 2 2 2 2 2 2 2 2 2 2 2 2 2 2 2 2 2 2 2 2 2 2 2 2 2 2 2 2 2 2 2 2 2 2 2 2 2 2 2 2 2 2 2 2 2 2 2 2 2 2 2 2 8 9 2 2 2 2 2 5 5 6 2 2 2 2 2 5 5 5 5 5 5 5 5 5 5 5 5 5 5 5 5 5 5 5 5 5 5 2 2 2 2 2 2 2 2 2 2 2 2 2 1 
1 2 5 5 5 5 5 5 5 5 5 5 5 5 5 5 5 5 5 5 5 5 5 5 5 5 5 5 5 5 5 5 5 5 5 5 5 5 5 5 5 5 5 5 5 5 5 4 6 6 6 6 6 6 6 6 6 6 6 6 6 6 6 6 6 6 6 6 6 6 6 6 6 6 6 6 6 6 6 6 6 6 6 6 6 6 6 6 6 2 2 2 2 2 2 2 2 2 2 10 11 2 2 2 2 2 5 5 6 2 2 2 2 2 5 5 5 5 5 5 5 5 5 5 5 5 5 5 5 5 5 5 5 5 6 5 2 2 2 2 2 2 2 2 2 2 2 2 2 1 
1 2 5 5 5 5 5 5 5 5 5 5 5 5 5 5 5 5 5 5 5 5 5 5 5 5 5 5 5 5 5 5 5 5 5 5 5 5 5 5 5 5 5 5 5 5 5 5 5 5 5 5 5 5 5 5 5 5 5 5 5 5 5 5 5 5 5 5 5 5 5 5 5 5 5 5 5 5 5 5 5 5 5 5 5 5 5 5 5 2 2 2 2 2 2 2 2 2 2 12 13 2 2 2 2 2 5 5 6 2 2 2 2 2 5 5 5 7 7 7 7 7 7 7 7 7 7 7 7 7 7 7 5 5 6 5 2 2 2 2 2 2 2 2 2 2 2 2 2 1 
1 2 5 5 5 5 5 5 5 5 5 5 5 5 5 5 5 5 5 5 5 5 5 5 5 5 5 5 5 5 5 5 5 5 5 5 5 5 5 5 5 5 5 5 5 5 5 5 5 5 5 5 5 5 5 5 5 5 5 5 5 5 5 5 5 5 5 5 5 5 5 5 5 5 5 5 5 5 5 5 5 5 5 5 5 5 5 5 5 2 2 2 2 2 2 2 2 2 2 2 2 2 2 2 2 2 5 5 6 2 2 2 2 2 5 5 5 5 5 5 5 5 5 5 5 5 5 5 5 5 5 5 5 5 6 5 2 2 2 2 4 3 3 3 3 3 3 3 2 1 
1 2 5 5 6 5 5 5 5 5 5 5 5 5 5 5 5 5 5 5 5 5 5 5 5 5 5 5 5 5 5 5 5 5 6 6 6 6 6 6 6 6 6 6 6 6 6 6 6 6 6 6 6 6 6 6 6 6 6 5 5 6 6 6 6 6 6 6 6 6 6 6 6 6 6 6 6 6 6 6 6 6 6 6 5 5 6 2 2 2 2 2 2 2 2 2 2 2 2 2 2 2 2 2 2 2 5 5 6 2 2 2 2 2 5 5 5 5 5 5 5 5 5 5 5 5 5 5 5 5 5 5 5 5 6 5 2 2 2 2 4 3 3 3 3 3 3 3 2 1 
1 2 5 5 6 5 5 5 5 5 5 5 5 5 5 5 5 5 5 5 5 5 5 5 5 5 5 5 5 5 5 5 5 5 5 5 5 5 5 5 5 5 5 5 5 5 2 2 2 2 2 2 2 2 2 2 2 2 2 5 5 2 2 2 2 2 2 2 2 2 2 2 2 2 2 2 2 2 2 2 2 2 2 2 5 5 6 2 2 2 2 2 2 2 2 2 2 2 2 2 2 2 2 2 2 2 5 5 6 2 2 2 2 2 5 5 5 5 5 5 5 5 5 5 5 5 5 5 5 5 5 5 5 5 6 5 2 2 2 2 4 3 3 3 3 3 3 3 2 1 
1 2 5 5 6 5 5 5 5 5 5 5 5 5 5 5 5 5 5 5 5 5 5 5 5 5 5 5 5 5 5 5 5 5 5 5 5 5 5 5 5 5 5 5 5 5 2 2 2 2 2 2 2 2 2 2 2 2 2 5 5 2 2 2 2 2 2 2 2 2 2 2 2 2 2 2 2 2 2 2 2 2 2 2 5 5 6 2 2 2 2 2 2 2 2 2 2 2 2 2 2 2 2 2 2 2 5 5 6 2 2 2 2 2 5 5 5 5 5 5 5 5 5 5 5 5 8 9 5 5 5 5 5 5 6 5 2 2 2 2 4 3 3 3 3 3 3 3 2 1 
1 2 5 5 6 5 5 5 5 5 8 9 5 5 5 5 5 5 5 8 9 5 5 5 5 5 5 5 5 5 5 5 5 5 5 5 5 5 5 5 5 102 103 104 105 106 107 108 109 2 2 2 2 2 2 2 2 2 2 5 5 2 2 2 2 2 2 2 2 2 2 2 2 2 2 2 2 2 2 2 2 2 2 2 5 5 6 2 2 2 2 2 2 2 2 2 2 2 2 2 2 2 2 2 2 2 5 5 6 2 2 2 2 2 5 5 5 5 5 5 5 5 5 5 5 5 10 11 5 5 5 5 5 5 6 5 2 2 2 2 2 2 2 2 2 2 2 2 2 1 
1 2 5 5 6 5 5 5 5 5 10 11 5 5 5 5 5 5 5 10 11 5 5 5 5 5 5 5 5 5 5 5 5 5 5 5 5 5 5 5 5 110 111 112 113 114 115 116 117 2 2 2 2 2 2 2 2 2 2 5 5 2 2 2 2 2 2 2 2 2 2 2 2 2 2 2 2 2 2 2 2 2 2 2 5 5 6 2 2 2 2 2 2 2 2 2 2 2 2 2 2 2 2 2 2 2 5 5 6 2 2 2 2 2 5 5 5 5 5 5 5 5 5 5 5 5 12 13 5 5 5 5 5 5 6 5 2 2 2 2 2 2 2 2 2 2 2 2 2 1 
1 2 5 5 6 5 5 5 5 5 12 13 5 5 5 5 5 5 5 12 13 5 5 5 5 5 5 5 5 5 5 5 5 5 5 5 5 5 5 5 5 118 119 120 121 122 123 124 125 2 2 2 2 2 2 2 2 2 2 5 5 2 2 2 2 2 2 2 2 2 2 2 2 2 2 2 2 2 2 2 2 2 2 2 5 5 6 2 2 2 2 2 2 2 2 2 2 2 2 2 2 2 2 2 2 2 2 2 2 2 2 2 2 2 5 5 5 5 5 5 5 5 5 5 5 5 5 5 5 5 5 5 5 5 6 5 2 2 2 2 2 2 2 2 2 2 2 2 2 1 
1 2 5 5 6 5 5 5 5 5 5 5 5 5 5 5 5 5 5 5 5 5 5 5 5 5 5 5 5 5 5 5 5 5 5 5 5 5 5 5 5 126 127 128 129 130 131 132 133 2 2 2 2 2 2 2 2 2 2 5 5 2 2 2 2 2 2 2 2 2 2 2 2 2 2 2 2 2 2 2 2 2 2 2 5 5 6 2 2 2 2 2 2 2 2 2 2 2 2 2 2 2 2 2 2 2 2 2 2 5 2 2 2 2 5 5 5 5 5 5 5 5 5 5 5 5 5 5 5 5 5 5 5 5 6 5 2 2 2 2 2 2 2 2 2 2 2 2 2 1 
1 2 5 5 6 5 5 5 5 5 5 5 5 5 5 5 5 5 5 5 5 5 5 5 5 5 5 5 5 5 5 5 5 5 5 5 5 5 5 5 5 134 135 136 137 138 139 140 141 2 2 2 2 2 2 2 2 2 2 5 5 2 2 2 2 2 2 2 2 2 2 2 2 2 2 2 2 2 2 2 2 2 2 2 5 5 6 2 2 2 2 2 2 2 2 2 2 2 2 2 2 2 2 2 2 2 2 2 2 2 2 2 2 2 5 5 5 5 5 5 5 5 5 5 5 5 5 5 5 5 5 5 5 5 6 5 2 2 2 2 2 2 2 2 2 2 2 2 2 1 
1 2 5 5 5 5 5 5 5 5 6 6 6 6 6 6 6 6 6 6 5 5 5 5 5 5 5 5 5 5 5 5 5 5 5 5 5 5 5 5 5 142 143 144 145 146 147 148 149 2 2 2 2 2 2 2 2 2 2 5 5 2 2 2 2 2 2 2 2 2 2 2 2 2 2 2 2 2 2 2 2 2 2 2 5 5 2 2 2 2 2 2 2 2 2 2 2 2 2 2 2 2 2 2 2 2 2 2 2 2 2 2 2 2 5 5 5 5 5 5 5 5 5 5 5 5 5 5 5 5 5 5 5 5 6 5 2 2 2 2 2 2 2 2 2 2 2 2 2 1 
1 2 5 5 5 5 5 5 5 5 5 5 5 5 5 5 5 5 5 5 5 5 5 5 5 5 5 5 5 5 5 5 5 5 5 5 5 5 5 5 5 150 151 152 153 154 155 156 157 2 2 2 2 2 2 2 2 2 2 5 5 2 2 2 2 2 2 2 2 2 2 2 2 2 2 2 2 2 2 2 2 2 2 2 5 5 5 5 5 5 5 5 5 5 5 5 6 2 2 2 2 2 2 2 2 2 2 2 2 2 2 2 2 2 5 5 5 5 5 5 5 5 5 5 5 5 5 5 5 5 5 5 5 5 6 5 2 2 2 2 2 2 2 2 2 2 2 2 2 1 
1 2 5 5 5 5 5 5 5 5 5 5 5 5 5 5 5 5 5 5 5 5 5 5 5 5 5 5 5 5 5 5 5 5 6 5 5 5 5 5 5 158 159 160 161 162 163 164 165 2 2 2 2 2 2 2 2 2 2 5 5 2 2 2 2 2 2 2 2 2 2 2 2 2 2 2 2 2 2 2 2 2 2 2 5 5 5 5 5 5 5 5 5 5 5 5 6 2 2 2 2 2 2 2 2 2 2 2 2 2 2 2 2 2 5 5 5 5 5 5 5 5 5 5 5 5 5 5 5 5 5 5 5 5 5 5 2 2 2 2 2 2 2 2 2 2 2 2 2 1 
1 2 5 5 6 6 6 6 6 6 6 6 6 6 5 5 5 5 6 6 6 6 6 6 6 6 6 6 5 5 5 5 5 5 6 5 5 5 5 5 5 2 5 5 5 5 2 2 2 2 2 2 2 2 2 2 2 2 2 5 5 2 2 2 2 2 2 2 2 2 2 2 2 2 2 2 2 2 2 2 2 2 2 2 2 2 2 2 2 2 2 2 2 6 5 5 6 2 2 2 2 2 2 2 2 2 2 2 2 2 2 2 2 5 5 6 2 2 2 2 2 2 2 2 2 2 2 2 2 2 2 2 2 2 2 2 2 2 2 2 2 2 2 2 2 2 2 2 2 1 
1 2 5 5 5 5 5 5 5 5 5 5 5 5 5 5 5 5 5 5 5 5 5 5 5 5 5 5 5 5 4 4 5 5 6 5 5 5 5 5 5 2 5 5 5 5 2 2 2 2 2 2 2 2 2 2 2 2 6 5 5 2 2 2 2 2 2 2 2 2 2 2 2 2 2 2 2 2 2 2 2 2 2 2 2 2 2 2 2 2 2 2 2 6 5 5 6 2 2 2 2 2 2 2 2 2 2 2 2 2 2 2 2 5 5 6 2 2 2 2 2 2 2 2 2 2 2 2 2 2 2 2 2 2 2 2 2 2 2 4 3 3 3 3 3 3 3 2 2 1 
1 2 5 5 5 5 5 5 5 5 5 5 5 5 5 5 5 2 5 5 5 5 5 5 5 5 5 2 5 5 3 3 5 5 6 5 5 5 5 5 5 2 5 5 5 5 2 2 2 2 2 2 2 2 2 2 2 2 6 5 5 6 6 6 6 6 6 6 6 6 6 6 6 6 6 6 6 6 6 6 6 6 2 2 2 2 2 2 2 2 2 2 2 6 5 5 6 2 2 2 2 2 2 2 2 2 2 2 2 2 2 2 2 5 5 6 2 2 2 2 2 2 2 2 2 2 2 2 2 2 2 2 2 2 2 2 2 2 5 4 3 3 3 3 3 3 3 5 5 1 
1 2 5 5 5 5 5 5 5 5 5 5 5 5 5 5 5 2 5 5 5 5 5 5 5 5 5 2 5 5 4 4 5 5 6 5 5 5 5 5 5 2 5 5 5 5 2 2 2 2 2 2 2 2 2 2 2 2 6 5 5 5 5 5 5 5 5 5 5 5 5 5 5 5 5 5 2 2 2 2 2 2 2 2 2 2 2 2 2 2 2 2 2 6 5 5 6 2 2 2 2 2 2 2 2 2 2 2 2 2 2 2 2 5 5 6 2 2 2 2 2 2 2 2 2 2 2 2 2 2 2 2 2 2 2 2 2 2 5 4 3 3 3 3 3 3 3 5 5 1 
1 4 3 3 3 3 3 3 3 5 5 5 5 5 5 5 5 2 5 5 5 5 5 5 5 5 5 2 5 5 3 3 5 5 6 5 5 5 5 5 5 2 5 5 5 5 2 2 2 2 2 2 2 2 2 2 2 2 6 5 5 5 5 5 5 5 5 5 5 5 5 5 5 5 5 5 2 2 2 2 2 2 2 2 2 2 2 2 2 2 2 2 2 6 5 5 6 2 2 2 2 2 2 2 2 2 2 2 2 2 2 2 2 5 5 6 2 2 2 2 2 2 2 2 2 5 5 5 5 5 5 5 5 2 2 2 2 2 2 4 3 3 3 3 3 3 3 2 2 1 
1 4 3 3 3 3 3 3 3 2 2 2 2 2 5 5 5 2 5 5 5 5 5 5 5 5 5 2 5 5 4 4 5 5 6 5 5 5 5 5 5 5 5 5 5 5 2 2 2 2 2 2 2 2 2 2 2 2 6 5 5 4 2 3 2 2 2 2 2 2 5 5 4 2 4 2 2 2 2 2 2 2 2 2 2 2 2 2 2 2 2 2 2 6 5 5 6 2 2 2 2 2 2 2 2 2 2 2 2 2 2 2 2 5 5 6 2 2 2 2 2 2 2 2 2 14 15 16 17 18 19 20 21 2 2 2 2 2 2 4 3 3 3 3 3 3 3 2 2 1 
1 4 3 3 3 3 3 3 3 2 2 2 2 2 5 5 5 2 5 5 5 5 5 5 5 5 5 2 5 5 5 5 5 5 6 5 5 5 5 5 5 5 5 5 5 5 2 2 2 2 2 2 2 2 2 2 2 2 6 5 5 2 2 2 2 2 2 2 2 3 5 5 2 2 2 2 2 2 2 2 2 2 2 2 2 2 2 2 2 2 2 2 2 6 5 5 2 2 2 2 2 2 2 2 2 2 2 2 2 2 2 2 2 5 5 6 2 2 2 2 2 2 2 2 2 22 23 24 25 26 27 28 29 2 2 2 2 2 2 2 2 2 2 2 2 2 2 2 2 1 
1 4 3 3 3 3 3 3 3 2 2 2 2 2 5 5 5 2 5 5 5 5 5 5 5 5 5 2 5 5 5 5 5 5 6 2 2 2 2 2 2 2 2 2 2 2 2 2 2 2 2 2 2 2 2 2 2 2 6 5 5 2 3 2 2 2 2 2 2 2 5 5 2 2 2 2 2 2 2 2 2 2 102 103 104 105 106 107 108 109 2 2 2 6 5 5 2 2 2 2 2 2 2 2 2 2 2 2 2 2 2 2 2 5 5 6 2 2 2 2 2 2 2 2 2 30 31 32 33 34 35 36 37 2 2 2 2 2 2 2 2 2 2 2 2 2 2 2 2 1 
1 2 2 2 2 2 2 2 2 2 2 2 2 2 2 5 5 2 5 5 5 5 5 5 5 5 5 2 5 5 5 5 5 5 6 2 2 2 2 2 2 2 2 2 2 2 2 2 2 2 2 2 2 2 2 2 2 2 6 5 5 2 2 3 2 2 2 3 2 2 5 5 2 2 2 8 9 2 2 2 2 2 110 111 112 113 114 115 116 117 2 2 2 2 5 5 2 2 2 2 2 2 2 2 2 2 2 2 2 2 2 2 2 5 5 2 2 2 2 2 2 2 2 2 2 38 39 40 41 42 43 44 45 2 2 2 2 2 2 2 2 2 2 2 2 2 2 2 5 1 
1 2 2 2 2 2 2 2 2 2 2 2 2 2 2 5 5 2 8 9 5 5 5 5 8 9 5 2 5 5 5 5 5 5 6 2 2 2 2 2 2 2 2 2 2 2 2 2 2 2 2 2 2 2 2 2 2 2 6 5 5 2 2 2 3 3 2 3 2 2 5 5 2 2 2 10 11 2 2 2 2 2 118 119 120 121 122 123 124 125 2 2 2 2 5 5 2 2 2 2 2 2 2 2 2 2 2 2 2 2 2 2 2 5 5 2 2 2 2 2 2 2 2 2 2 46 47 48 49 50 51 52 53 2 2 2 2 2 2 2 2 2 2 2 2 2 2 2 5 1 
1 2 2 2 2 2 2 2 2 2 2 2 2 2 2 5 5 2 10 11 5 5 5 5 10 11 5 2 5 5 5 5 5 5 6 2 2 2 2 2 2 2 2 2 2 2 2 2 2 2 2 2 2 2 2 2 2 2 6 5 5 2 2 2 2 2 2 2 2 2 5 5 2 2 2 12 13 2 2 2 2 2 126 127 128 129 130 131 132 133 2 2 2 2 5 5 7 7 7 7 7 7 7 7 7 7 7 7 7 7 7 2 2 5 5 2 2 2 2 2 2 2 2 2 2 54 55 56 57 58 59 60 61 2 2 2 2 2 2 2 2 2 2 2 2 2 2 2 5 1 
1 4 3 3 3 3 3 3 3 2 2 2 2 2 2 5 5 2 12 13 5 5 5 5 12 13 5 2 5 5 5 5 5 5 6 2 2 2 2 2 2 2 102 103 104 105 106 107 108 109 2 2 2 2 2 2 2 2 6 5 5 2 3 2 2 2 2 2 2 2 5 5 2 2 2 2 2 2 2 2 2 2 134 135 136 137 138 139 140 141 2 2 2 2 5 5 5 5 5 5 5 5 5 5 5 5 5 5 5 5 5 5 5 5 5 2 8 9 2 2 2 2 2 2 2 62 63 64 65 66 67 68 69 2 2 2 2 2 2 2 2 2 2 2 2 2 2 2 5 1 
1 4 3 3 3 3 3 3 3 2 2 2 2 2 5 5 5 5 5 5 2 5 5 5 5 5 5 5 5 5 5 5 5 5 2 2 2 2 2 2 2 2 110 111 112 113 114 115 116 117 2 2 2 2 2 2 2 2 6 5 5 2 2 2 2 2 2 2 2 2 5 5 2 2 2 2 2 2 2 2 2 2 142 143 144 145 146 147 148 149 2 2 2 2 5 5 5 5 5 5 5 5 5 5 5 5 5 5 5 5 5 5 5 5 5 2 10 11 2 2 2 2 2 2 2 70 71 72 73 74 75 76 77 2 2 2 2 2 2 4 3 3 3 3 3 3 3 2 5 1 
1 4 3 3 3 3 3 3 3 5 2 5 5 5 5 5 5 5 5 5 5 5 5 5 5 5 5 5 5 5 5 5 5 5 2 2 2 2 2 2 2 2 118 119 120 121 122 123 124 125 2 2 2 2 2 2 2 2 6 5 5 2 2 2 2 2 2 2 2 2 5 5 2 2 2 2 2 2 2 2 2 2 150 151 152 153 154 155 156 157 2 2 2 2 2 2 2 7 7 7 7 7 7 7 7 7 7 7 7 7 7 7 2 2 2 2 12 13 2 2 2 2 2 2 2 78 79 80 81 82 83 84 85 2 2 2 2 2 2 4 3 3 3 3 3 3 3 2 5 1 
1 4 3 3 3 3 3 3 3 5 5 5 5 5 5 5 5 5 5 5 5 5 5 5 5 5 5 5 5 5 5 5 5 5 2 2 2 2 2 2 2 2 126 127 128 129 130 131 132 133 2 2 2 2 2 2 2 2 2 5 5 2 2 2 2 2 2 2 2 2 5 5 2 2 2 2 2 2 2 2 2 2 158 159 160 161 162 163 164 165 2 2 2 2 2 2 2 2 2 2 2 2 2 2 2 2 2 2 2 2 2 2 2 2 2 2 2 2 2 2 2 2 2 2 2 86 87 88 89 90 91 92 93 2 2 2 2 2 2 4 3 3 3 3 3 3 3 2 5 1 
1 2 2 2 2 2 5 5 5 5 5 5 5 5 5 5 5 5 5 5 5 5 5 5 5 5 5 5 5 5 5 5 5 5 2 2 2 2 2 2 2 2 134 135 136 137 138 139 140 141 2 2 2 2 2 2 2 2 2 5 5 2 2 2 2 2 2 2 2 2 5 5 2 2 2 2 2 2 2 2 2 2 2 2 5 5 5 5 5 5 5 5 5 5 5 5 5 5 5 5 5 5 5 5 5 5 5 5 5 5 5 5 5 5 5 5 5 5 5 2 2 2 2 2 2 94 95 96 97 98 99 100 101 2 2 2 2 2 2 4 3 3 3 3 3 3 3 2 5 1 
1 2 2 2 2 2 5 5 5 5 5 5 5 5 5 5 5 5 5 5 5 5 5 5 5 5 5 5 5 5 5 5 5 5 2 2 2 2 2 2 2 2 142 143 144 145 146 147 148 149 2 2 2 2 2 2 2 2 2 5 5 2 2 2 2 2 2 2 2 2 5 5 2 2 2 2 2 2 2 2 2 2 2 2 5 5 5 5 5 5 5 5 5 5 5 5 5 5 5 5 5 5 5 5 5 5 5 5 5 5 5 5 5 5 5 5 5 5 5 2 2 2 2 2 2 2 2 2 2 2 2 2 2 2 2 2 2 2 2 2 2 2 2 2 2 2 2 5 5 1 
1 2 2 2 2 2 5 5 5 5 5 5 5 5 5 5 5 5 5 5 5 5 5 5 5 5 5 5 5 5 5 5 5 5 2 2 2 2 2 2 2 2 150 151 152 153 154 155 156 157 2 2 2 2 2 2 2 2 2 5 5 2 2 2 2 2 2 2 2 2 5 5 2 2 2 2 2 2 2 2 2 2 2 2 5 5 5 5 5 5 5 5 5 5 5 5 5 5 5 5 5 5 5 5 5 5 5 5 5 5 5 5 5 5 5 5 5 5 5 2 2 2 2 2 2 2 2 2 2 2 2 2 2 2 2 2 2 2 5 5 5 5 5 5 5 5 5 5 5 1 
1 2 5 5 5 5 5 5 5 5 5 5 5 5 5 5 5 5 5 5 5 5 5 5 5 5 5 5 5 5 5 5 5 5 2 2 2 2 2 2 2 2 158 159 160 161 162 163 164 165 2 2 2 2 2 2 2 2 2 5 5 2 2 2 2 2 2 2 2 2 5 5 2 2 2 2 2 2 2 2 2 2 2 2 5 5 5 5 5 5 5 5 5 5 5 5 5 5 5 5 5 5 5 5 5 5 5 5 5 5 5 5 5 5 5 5 5 5 5 2 2 2 2 2 2 2 2 2 2 2 2 2 2 2 2 2 2 2 5 5 5 5 5 5 5 5 5 5 5 1 
1 2 14 15 16 17 18 19 20 21 5 5 5 5 5 5 5 5 5 5 5 5 5 5 5 5 5 5 5 5 5 5 5 5 2 2 2 2 2 2 2 2 2 2 2 2 2 2 2 2 2 2 2 2 2 2 2 2 2 5 5 2 2 2 2 8 9 2 2 2 5 5 2 2 2 2 2 2 2 2 2 2 2 2 5 5 5 5 5 5 5 5 5 5 5 5 5 5 5 5 5 5 5 5 5 5 5 5 5 5 5 5 5 5 5 5 5 5 5 2 2 2 2 2 2 2 2 2 2 2 2 2 2 2 2 6 2 2 5 5 5 5 5 5 5 5 5 5 5 1 
1 2 22 23 24 25 26 27 28 29 5 5 5 5 5 5 5 5 5 5 5 5 5 5 5 5 5 5 5 5 5 5 5 5 2 2 2 2 2 2 2 2 2 2 2 2 2 2 2 2 2 2 2 2 2 2 2 2 2 5 5 2 2 2 2 10 11 2 2 2 5 5 2 2 2 2 2 2 2 2 2 2 2 2 5 5 5 5 5 5 5 5 5 5 5 5 5 5 5 5 5 5 5 5 5 5 5 5 5 5 5 5 5 5 5 8 9 5 5 2 2 2 2 2 2 2 2 2 2 2 2 2 6 5 5 6 2 2 2 2 2 2 2 2 2 2 2 2 2 1 
1 2 30 31 32 33 34 35 36 37 5 5 6 5 5 5 5 5 5 5 5 5 5 5 5 5 5 5 5 5 5 5 5 5 2 2 2 2 2 2 2 2 2 2 2 2 2 2 2 2 2 2 2 2 2 2 2 2 2 5 5 2 2 2 2 12 13 2 2 2 5 5 6 6 6 6 6 6 6 6 6 6 6 6 6 6 6 6 6 6 6 6 6 6 6 6 6 6 6 6 6 6 6 5 5 5 5 5 5 5 5 5 5 5 5 10 11 5 5 2 2 2 2 2 2 2 2 2 2 2 2 2 6 5 5 6 2 2 2 5 5 2 2 2 2 2 2 2 2 1 
1 2 38 39 40 41 42 43 44 45 5 5 6 5 5 6 5 5 5 5 5 5 5 5 5 5 5 5 5 5 5 5 5 5 2 2 2 2 2 2 2 2 2 2 2 2 2 2 2 2 2 2 2 2 2 2 2 2 2 5 5 2 2 2 2 2 2 2 2 2 5 5 5 5 5 5 5 5 5 5 5 5 5 5 5 5 5 5 5 5 5 5 5 5 5 5 5 5 5 5 5 5 5 5 5 5 5 5 5 5 5 5 5 5 5 12 13 5 5 2 2 2 2 2 2 2 2 2 2 2 2 2 6 5 5 6 2 2 2 5 5 2 2 2 2 2 2 2 2 1 
1 2 46 47 48 49 50 51 52 53 5 5 6 5 5 6 5 5 5 5 5 5 5 5 5 5 5 5 5 5 5 5 5 5 2 2 2 2 2 2 2 2 2 2 2 2 2 2 2 2 2 2 2 2 2 2 2 2 2 5 5 2 2 2 2 2 2 2 2 2 5 5 5 5 5 5 5 5 5 5 5 5 5 5 5 5 5 5 5 5 5 5 5 5 5 5 5 5 5 5 5 5 5 5 5 5 5 5 5 5 5 5 5 5 5 5 5 5 5 2 2 2 2 2 2 2 2 2 2 2 2 2 6 5 5 6 2 2 2 5 5 2 2 2 2 2 2 2 2 1 
1 2 54 55 56 57 58 59 60 61 5 5 6 5 5 6 5 5 5 5 5 5 5 5 5 5 5 5 5 5 5 5 5 5 2 2 2 2 2 2 2 2 2 2 2 2 2 2 2 2 2 2 2 2 2 2 2 2 2 5 5 2 2 2 2 2 2 2 2 2 6 6 6 6 6 6 6 6 6 6 6 6 6 6 6 6 6 6 6 6 6 6 6 6 6 6 6 6 6 6 6 5 5 5 5 5 5 5 5 5 5 5 5 5 5 5 5 5 5 2 2 2 2 2 2 2 2 2 2 2 2 2 6 5 5 6 2 2 2 5 5 2 2 2 8 9 2 2 2 1 
1 2 62 63 64 65 66 67 68 69 5 5 6 5 5 6 5 5 5 5 5 5 5 5 5 5 5 5 2 5 5 5 5 5 2 2 2 2 2 2 2 2 2 2 2 2 2 2 2 2 2 2 2 2 2 2 2 2 2 5 5 2 2 2 2 2 2 2 2 2 2 2 2 2 2 2 2 2 2 2 2 2 2 2 5 5 5 5 5 5 5 5 5 5 5 5 5 5 5 5 5 5 5 5 5 5 5 5 5 5 6 5 5 5 5 5 5 5 5 2 2 2 2 2 2 2 2 2 2 2 2 2 6 5 5 6 2 2 2 5 5 2 2 2 10 11 2 2 2 1 
1 2 70 71 72 73 74 75 76 77 5 5 6 5 5 6 5 5 5 8 9 5 5 5 5 5 5 5 2 5 5 5 5 5 2 2 2 2 2 2 2 2 2 2 2 2 2 2 2 2 2 2 2 2 2 2 2 2 2 5 5 2 2 2 2 8 9 2 2 2 2 2 2 2 2 2 2 2 2 2 2 2 2 2 5 5 5 5 5 5 5 5 5 5 5 5 5 5 5 5 5 5 5 5 5 5 5 5 5 5 6 5 5 5 5 6 5 5 5 2 2 2 2 2 2 2 2 2 2 2 2 2 6 5 5 6 2 2 2 5 5 2 2 2 12 13 2 2 2 1 
1 2 78 79 80 81 82 83 84 85 5 5 6 5 5 6 5 5 5 10 11 5 5 5 5 5 5 5 2 5 5 5 5 5 2 2 2 2 2 2 2 2 2 2 2 2 2 2 2 2 2 2 2 2 2 2 2 2 2 5 5 2 2 2 2 10 11 2 2 2 2 2 2 2 2 2 2 2 2 2 2 2 2 2 5 5 14 15 16 17 18 19 20 21 5 5 5 5 5 5 5 5 5 5 5 5 5 5 5 5 6 5 5 5 5 6 5 5 5 2 2 2 2 2 2 2 2 2 2 2 2 2 6 5 5 2 2 2 2 5 5 2 2 2 2 2 2 2 2 1 
1 2 86 87 88 89 90 91 92 93 5 5 6 5 5 6 5 5 5 12 13 5 5 5 5 102 103 104 105 106 107 108 109 5 2 2 2 2 2 2 2 2 2 2 2 2 2 6 6 6 6 6 6 6 6 6 6 2 2 5 5 2 2 2 2 12 13 2 2 2 2 2 2 2 2 2 2 2 2 2 2 2 2 2 5 5 22 23 24 25 26 27 28 29 5 5 5 5 5 5 5 5 5 5 5 5 5 5 5 5 6 5 5 5 5 6 5 5 5 2 2 2 2 2 2 2 2 2 2 2 2 2 3 5 5 3 2 2 3 5 5 3 2 2 2 2 2 2 2 1 
1 5 94 95 96 97 98 99 100 101 5 5 6 5 5 6 5 5 5 5 5 5 5 5 5 110 111 112 113 114 115 116 117 5 2 2 2 2 2 2 2 2 2 2 2 2 5 5 5 5 5 5 5 5 5 5 5 5 5 5 5 2 2 2 2 2 2 2 2 2 2 2 2 2 2 2 2 2 2 2 2 2 2 2 5 5 30 31 32 33 34 35 36 37 5 5 5 5 5 5 5 5 5 5 5 5 5 5 5 5 6 5 5 5 5 6 5 5 5 2 2 2 2 2 2 2 2 2 2 2 5 5 5 5 5 5 5 5 5 5 5 5 5 5 5 5 5 2 2 1 
1 5 5 5 2 2 5 5 5 5 5 5 6 5 5 6 5 5 5 5 5 5 5 5 5 118 119 120 121 122 123 124 125 5 2 2 2 2 2 2 2 2 2 2 2 2 5 5 5 5 5 5 5 5 5 5 5 5 5 5 5 2 2 2 2 2 2 2 2 2 2 2 2 2 2 2 2 2 2 2 2 2 2 5 5 5 38 39 40 41 42 43 44 45 5 5 5 5 5 5 5 5 5 5 5 5 5 5 5 5 6 5 5 5 5 6 5 5 5 2 2 2 2 2 2 2 2 2 2 2 5 5 5 5 5 5 5 5 5 5 5 5 5 5 5 5 5 2 2 1 
1 5 5 5 2 2 5 5 5 5 5 5 6 5 5 6 5 5 5 5 5 5 5 5 5 126 127 128 129 130 131 132 133 5 2 2 2 2 2 2 2 2 2 2 2 2 2 6 6 6 6 6 6 6 6 6 6 2 2 2 2 2 2 2 2 2 2 2 2 2 2 2 2 2 2 2 2 2 2 2 2 2 2 5 5 5 46 47 48 49 50 51 52 53 5 5 5 5 5 5 5 5 5 5 5 5 5 5 5 5 6 5 5 5 5 6 5 5 5 2 2 2 2 2 2 2 2 2 2 2 2 2 3 5 5 3 2 2 6 5 5 6 2 2 2 2 2 2 2 1 
1 5 5 5 2 2 5 5 5 5 5 5 6 5 5 6 5 5 5 5 5 5 5 5 5 134 135 136 137 138 139 140 141 5 2 2 2 2 2 2 2 2 2 2 2 2 2 2 2 2 2 2 2 2 2 2 2 2 2 2 2 2 2 2 2 2 2 2 2 2 2 2 2 2 2 2 2 2 2 2 2 2 2 5 5 5 54 55 56 57 58 59 60 61 5 5 5 5 5 5 5 5 5 5 5 5 5 5 5 5 6 5 5 5 5 6 5 5 5 2 2 2 2 2 2 2 2 2 2 2 2 2 2 5 5 2 2 2 6 5 5 6 2 2 2 2 2 2 2 1 
1 5 5 5 2 2 5 5 5 5 5 5 6 5 5 6 5 5 5 5 5 5 5 5 5 142 143 144 145 146 147 148 149 5 2 2 2 2 2 2 2 2 2 2 2 2 2 2 2 2 2 2 2 2 2 2 2 2 2 2 2 2 2 2 2 2 2 2 2 2 2 2 2 2 2 2 2 2 2 2 2 2 2 5 5 5 62 63 64 65 66 67 68 69 5 5 5 5 5 5 5 5 5 5 5 5 5 5 5 5 6 5 5 5 5 6 5 5 5 2 2 2 2 2 2 2 2 2 2 2 2 2 2 5 5 2 2 2 6 5 5 6 2 2 2 2 2 2 2 1 
1 2 2 2 2 2 5 5 5 5 5 5 5 5 5 6 5 5 5 5 5 5 5 5 5 150 151 152 153 154 155 156 157 5 2 2 2 2 2 2 2 2 2 2 2 2 2 2 2 2 2 2 2 2 2 2 2 2 2 2 2 2 2 2 2 2 2 2 2 2 2 2 2 2 2 2 2 2 2 2 2 2 2 5 5 5 70 71 72 73 74 75 76 77 5 5 5 5 5 5 5 5 5 5 5 5 5 5 5 5 6 5 5 5 5 6 5 5 5 2 2 2 2 2 2 2 2 2 2 2 2 2 2 5 5 2 2 2 6 5 5 6 2 2 2 2 2 2 2 1 
1 2 2 2 2 2 5 5 5 5 5 5 5 5 5 5 5 5 5 5 5 5 5 5 5 158 159 160 161 162 163 164 165 5 2 2 2 2 2 2 2 2 2 2 2 2 2 2 2 2 2 2 2 2 2 2 2 2 2 2 2 2 2 2 2 2 2 2 2 2 2 2 2 2 2 2 2 2 2 2 2 2 5 5 5 5 78 79 80 81 82 83 84 85 5 5 5 5 5 5 5 5 5 5 5 5 5 5 5 5 6 5 5 5 5 6 5 5 5 2 2 2 2 2 2 2 2 2 2 2 2 2 2 5 5 2 2 2 6 5 5 6 2 2 2 2 2 2 2 1 
1 3 2 2 2 2 2 2 2 2 2 2 2 2 2 2 2 2 2 2 2 3 3 2 2 2 2 2 2 2 2 3 3 2 2 2 2 2 2 2 2 2 2 2 2 2 2 2 2 2 2 2 2 2 2 2 2 2 2 2 2 2 2 2 2 2 2 2 2 2 2 2 2 2 2 2 2 2 2 2 2 2 5 5 5 5 86 87 88 89 90 91 92 93 5 5 5 5 5 5 5 5 5 5 5 5 5 5 5 5 6 5 5 5 5 6 5 5 5 2 2 2 2 2 2 2 2 2 2 2 2 2 2 5 5 2 2 2 6 5 5 6 2 2 2 2 2 2 2 1 
1 3 2 2 2 2 2 2 2 2 2 2 2 2 2 2 2 2 2 2 2 2 3 3 2 2 2 2 2 3 3 3 2 2 2 2 2 2 2 2 2 2 2 2 2 2 2 2 2 2 2 2 2 2 2 2 2 2 2 2 2 2 2 2 2 2 2 2 2 2 2 2 2 2 2 2 2 2 2 2 2 2 5 5 5 5 94 95 96 97 98 99 100 101 5 5 5 5 5 5 5 5 5 5 5 5 5 5 5 5 6 5 5 5 5 6 5 5 5 2 2 2 2 2 2 2 2 2 2 2 2 2 2 2 2 2 2 2 6 5 5 6 2 2 2 2 2 2 2 1 
1 3 2 2 2 2 2 2 2 2 2 2 2 2 2 2 2 2 2 2 2 2 2 3 3 3 3 3 3 3 2 2 2 2 2 2 2 2 2 2 2 2 2 2 2 2 2 2 2 2 2 2 2 2 2 2 2 2 2 2 2 2 2 2 2 2 2 2 2 2 2 2 2 2 2 2 2 2 2 2 2 5 5 5 2 2 2 2 2 2 2 2 2 2 2 2 2 2 2 2 2 5 5 2 2 2 2 2 2 2 2 2 5 5 2 6 2 2 2 2 2 2 2 2 2 2 2 2 2 2 2 2 2 2 2 2 2 2 6 2 2 6 2 2 2 2 2 2 2 1 
1 1 1 1 1 1 1 1 1 1 1 1 1 1 1 1 1 1 1 1 1 1 1 1 1 1 1 1 1 1 1 1 1 1 1 1 1 1 1 1 1 1 1 1 1 1 1 1 1 1 1 1 1 1 1 1 1 1 1 1 1 1 1 1 1 1 1 1 1 1 1 1 1 1 1 1 1 1 1 1 1 1 1 1 1 1 1 1 1 1 1 1 1 1 1 1 1 1 1 1 1 1 1 1 1 1 1 1 1 1 1 1 1 1 1 1 1 1 1 1 1 1 1 1 1 1 1 1 1 1 1 1 1 1 1 1 1 1 1 1 1 1 1 1 1 1 1 1 1 1

