1 1 1 1 1 1 1 1 1 1 1 1 1 1 1 1 1 1 1 1 1 1 1 1 1 1 1 1 1 1 1 1 1 1 1 1 1 1 1 1 1 1 1 1 1 1 1 1 1 1 1 1 1 1 1 1 1 1 1 1 1 1 1 1 1 1 1 1 1 1 1 1 1 1 1 1 1 1 1 1 1 1 1 1 1 1 1 1 1 1 1 1 1 1 1 1 1 1 1 1 1 1 1 1 1 1 1 1 1 1 1 1 1 1 1 1 1 1 1 1 1 1 1 1 1 1 1 1 1 1 1 1 1 1 1 1 1 1 1 1 1 1 1 1 1 1 1 1 1 1 
1 2 2 2 2 2 2 2 2 2 2 2 2 2 2 2 2 2 2 2 2 2 2 2 2 2 2 2 2 2 2 2 2 2 2 2 2 2 2 2 2 2 2 2 2 2 2 2 2 2 2 2 2 2 2 2 2 2 2 2 2 2 2 2 2 2 2 2 2 2 2 2 2 2 2 2 2 2 2 2 2 2 2 2 2 2 2 2 2 2 2 2 2 2 2 2 2 2 2 2 2 2 2 2 2 2 2 2 2 2 2 2 2 2 2 2 2 2 2 2 2 2 2 2 2 2 2 2 2 2 2 2 2 2 2 2 2 2 2 2 2 2 2 2 2 2 2 2 2 1 
1 2 2 2 2 2 2 2 2 2 2 2 2 2 2 2 2 2 2 2 2 2 2 2 2 2 2 2 2 2 2 2 2 2 2 2 2 2 2 2 2 2 2 2 2 2 2 2 2 2 2 2 2 2 2 2 2 2 2 2 2 2 2 2 2 2 2 2 2 2 2 2 2 2 2 2 2 2 2 2 2 2 2 2 2 2 2 2 2 2 2 2 2 2 2 2 2 2 2 2 2 2 2 2 2 2 2 2 2 2 2 2 2 2 2 2 2 2 2 2 2 5 5 6 2 2 2 2 2 2 2 2 2 2 2 2 2 2 2 2 2 2 2 2 2 2 2 2 2 1 
1 2 2 2 2 2 2 2 2 2 2 2 2 2 2 2 2 2 2 2 2 2 2 2 2 2 170 2 2 2 2 2 2 2 2 2 2 2 2 2 2 2 2 2 2 2 2 2 2 2 2 2 2 2 2 2 2 2 2 2 2 2 2 2 2 2 2 2 2 2 2 2 166 2 2 2 2 2 2 2 2 2 170 170 2 2 2 2 2 2 2 2 2 2 2 2 2 2 2 7 5 5 5 7 2 2 2 3 6 3 3 2 2 2 2 3 3 6 3 2 2 5 5 6 2 2 2 2 2 2 2 2 2 2 3 6 3 3 2 2 2 2 3 3 6 3 2 2 2 1 
1 2 6 5 5 5 6 2 2 2 2 2 2 2 2 2 2 2 2 2 2 2 2 2 2 2 2 2 2 2 2 2 2 2 2 2 2 2 2 2 2 2 2 2 2 2 2 2 2 2 2 3 6 3 3 2 2 2 2 3 3 6 3 2 2 2 2 2 2 2 2 2 2 2 2 2 2 2 2 2 2 2 2 2 2 2 2 2 2 2 2 2 2 2 2 8 9 2 2 7 5 5 5 7 2 2 2 3 6 7 7 4 2 2 4 7 6 6 3 2 2 5 5 6 2 2 2 2 2 2 2 2 2 2 3 6 7 7 4 2 2 4 7 6 6 3 2 2 2 1 
1 2 6 5 5 5 6 2 2 2 2 2 2 2 2 2 2 2 2 2 2 2 2 2 2 2 2 2 2 2 2 2 2 2 2 2 2 2 2 2 2 2 2 2 2 2 2 2 2 2 2 3 6 7 7 4 2 2 4 7 6 6 3 2 2 2 2 2 2 2 2 2 2 2 2 2 2 2 2 2 2 2 2 2 2 2 2 2 2 2 2 2 2 2 2 10 11 2 2 7 5 5 5 7 2 2 2 4 3 6 6 7 4 4 7 7 6 3 4 2 2 5 5 6 2 14 15 16 17 18 19 20 21 2 4 3 6 6 7 4 4 7 7 6 3 4 2 2 2 1 
1 2 6 5 5 5 6 2 2 2 2 2 2 2 2 2 2 2 2 2 2 2 2 2 2 2 2 2 2 2 2 2 2 2 2 2 2 2 2 2 2 2 2 2 2 2 2 2 2 2 2 4 3 6 6 7 4 4 7 7 6 3 4 2 2 2 2 2 2 2 2 2 2 2 2 2 2 2 2 2 2 2 2 2 2 2 2 2 2 2 2 2 2 2 2 12 13 2 2 7 5 5 5 7 2 2 2 2 4 3 6 6 6 6 6 6 6 4 2 2 2 5 5 6 2 22 23 24 25 26 27 28 29 2 2 4 3 6 6 6 6 6 6 6 4 2 2 2 2 1 
1 2 6 5 5 5 6 2 2 2 2 2 2 2 2 2 2 2 2 2 2 2 2 2 2 2 2 2 2 2 2 2 2 2 2 2 2 2 2 2 2 2 2 2 2 2 2 2 2 2 2 2 4 3 6 6 6 6 6 6 6 4 2 2 2 2 2 2 2 2 2 2 5 5 5 2 2 2 2 2 2 2 2 2 2 2 2 2 2 2 2 2 2 2 2 2 2 2 2 7 5 5 5 7 2 2 2 2 2 4 3 3 3 3 3 3 4 2 2 2 2 5 5 6 2 30 31 32 33 34 35 36 37 2 2 2 4 3 3 3 3 3 3 4 2 2 2 2 2 1 
1 2 6 5 5 5 6 2 2 2 2 2 2 2 2 2 2 2 2 2 2 2 2 2 2 2 2 2 2 2 2 2 2 170 2 2 2 2 2 2 8 9 2 2 2 2 2 2 2 2 2 2 2 4 3 3 3 3 3 3 4 2 2 2 2 2 2 2 2 2 2 7 5 5 5 7 7 7 7 7 7 7 2 2 2 2 7 7 7 7 7 7 7 2 2 2 2 2 2 7 5 5 5 7 2 2 2 2 2 2 2 2 2 2 2 2 2 2 2 2 2 5 5 6 2 38 39 40 41 42 43 44 45 2 2 2 2 2 2 2 2 2 2 2 2 2 2 2 2 1 
1 2 6 5 5 5 6 2 2 2 2 2 2 2 2 2 2 2 2 2 2 2 2 2 2 2 2 2 2 2 2 2 2 2 2 2 2 2 2 2 10 11 2 2 2 2 2 2 2 2 2 2 2 2 2 2 2 2 2 2 2 2 2 2 2 2 2 2 2 2 2 7 5 5 5 5 5 5 5 5 5 5 5 5 5 5 5 5 5 5 5 5 5 5 5 5 5 5 5 5 5 5 5 5 5 5 5 5 5 5 5 5 5 5 5 5 5 5 5 5 5 5 5 2 2 46 47 48 49 50 51 52 53 2 2 2 2 2 2 2 2 2 2 2 2 2 2 2 2 1 
1 6 6 5 5 5 6 6 6 6 6 6 6 6 6 6 6 6 6 6 6 6 6 2 2 2 2 2 2 2 2 2 2 2 2 2 2 2 2 2 12 13 2 2 2 2 2 2 2 2 2 2 2 2 2 2 2 2 2 2 2 2 2 2 2 2 2 2 2 2 2 7 5 5 5 5 5 5 5 5 5 5 5 5 5 5 5 5 5 5 5 5 5 5 5 5 5 5 5 5 5 5 5 5 5 5 5 5 5 5 5 5 5 5 5 5 5 5 5 5 5 5 5 5 2 54 55 56 57 58 59 60 61 2 2 2 2 2 2 2 2 2 2 2 2 2 2 2 2 1 
1 5 5 5 5 5 5 5 5 5 5 5 5 5 5 5 5 5 5 5 5 5 6 2 2 2 2 2 2 2 2 2 2 2 2 2 2 2 2 2 2 2 2 2 2 2 2 2 2 2 2 2 2 2 2 2 2 2 2 2 2 2 2 2 2 2 2 2 2 2 2 7 5 5 5 5 5 5 5 5 5 5 5 5 5 5 5 5 5 5 5 5 5 5 5 5 5 5 5 5 5 5 5 5 5 5 5 5 5 5 5 5 5 5 5 5 5 5 5 5 5 5 5 2 2 62 63 64 65 66 67 68 69 2 2 2 2 2 2 2 2 2 2 2 2 2 2 2 2 1 
1 5 5 5 5 5 5 5 5 5 5 5 5 5 5 5 5 5 5 5 5 5 6 2 2 2 14 15 16 17 18 19 20 21 2 2 2 2 2 6 2 2 2 2 2 2 2 2 2 2 2 2 2 2 2 2 2 2 2 2 2 2 2 2 2 2 2 2 2 2 2 7 5 5 5 2 2 2 7 7 7 7 7 7 7 2 2 2 7 7 7 7 7 7 7 2 2 2 2 7 5 5 5 7 7 7 7 7 7 7 2 2 2 2 7 7 7 7 7 7 2 5 5 2 2 70 71 72 73 74 75 76 77 2 2 2 2 2 2 2 2 2 2 2 2 2 2 2 2 1 
1 5 5 5 5 5 5 5 5 5 5 5 5 5 5 5 5 5 5 5 5 5 6 2 2 2 22 23 24 25 26 27 28 29 2 2 2 2 2 6 5 5 5 2 2 2 2 2 2 2 2 2 2 2 2 2 2 2 2 2 2 2 2 2 2 2 2 2 2 2 2 2 5 5 5 2 2 2 2 2 2 2 2 2 2 2 2 2 2 2 2 2 2 2 2 2 2 2 2 7 5 5 5 7 2 2 2 2 2 2 2 2 2 2 2 2 2 2 2 2 2 5 5 6 2 78 79 80 81 82 83 84 85 2 2 2 2 2 2 2 2 2 2 2 2 2 2 2 2 1 
1 6 6 6 6 6 6 6 6 6 6 6 6 6 6 6 6 6 6 5 5 5 6 2 2 2 30 31 32 33 34 35 36 37 2 2 2 2 2 6 5 5 5 2 6 6 6 6 6 6 6 6 2 2 2 2 2 6 6 6 6 6 6 6 6 2 2 2 2 2 2 2 5 5 5 2 2 2 14 15 16 17 18 19 20 21 2 2 2 2 2 2 2 2 2 2 2 2 2 7 5 5 5 7 2 2 2 2 2 2 2 2 2 2 2 2 2 2 2 2 2 5 5 6 2 86 87 88 89 90 91 92 93 2 2 2 2 2 2 2 2 2 2 2 2 2 2 2 2 1 
1 2 2 2 2 2 2 2 2 2 2 2 2 2 2 2 2 2 6 5 5 5 6 2 2 2 38 39 40 41 42 43 44 45 2 2 2 2 2 6 5 5 5 5 5 5 5 5 5 5 5 5 5 5 5 5 5 5 5 5 5 5 5 5 5 5 5 5 5 5 5 5 5 5 5 2 2 2 22 23 24 25 26 27 28 29 2 2 2 2 2 2 2 2 2 2 2 2 2 7 5 5 5 7 2 2 2 2 2 2 2 2 2 2 2 2 2 2 2 2 2 5 5 6 2 94 95 96 97 98 99 100 101 2 2 2 2 2 2 2 2 2 2 2 2 2 2 2 2 1 
1 2 2 2 2 2 2 2 2 2 2 2 2 2 2 2 2 2 6 5 5 5 6 2 2 2 46 47 48 49 50 51 52 53 2 2 2 2 2 6 5 5 5 5 5 5 5 5 5 5 5 5 5 5 5 5 5 5 5 5 5 5 5 5 5 5 5 5 5 5 5 5 5 5 5 2 2 2 30 31 32 33 34 35 36 37 2 2 2 2 2 2 2 2 2 2 2 2 2 7 5 5 5 7 2 2 2 2 2 2 2 2 2 2 2 2 2 2 2 2 2 5 5 6 2 2 2 2 2 2 2 2 2 2 2 2 2 2 2 2 2 2 2 2 2 2 2 2 2 1 
1 2 2 2 2 2 2 2 2 2 2 2 2 2 2 2 2 2 6 5 5 5 6 2 2 2 54 55 56 57 58 59 60 61 2 2 2 2 2 2 5 5 5 5 5 5 5 5 5 5 5 5 5 5 5 5 5 5 5 5 5 5 5 5 5 5 5 5 5 5 5 5 5 5 5 2 2 2 38 39 40 41 42 43 44 45 2 2 2 2 2 2 2 2 2 2 2 2 2 2 2 2 2 2 2 2 2 2 2 2 2 2 2 2 2 2 8 9 2 2 2 5 5 6 2 2 2 2 2 2 2 2 2 2 2 2 2 2 2 2 2 2 2 2 2 2 2 2 2 1 
1 2 2 2 2 2 2 2 2 2 2 2 2 2 2 2 2 2 6 5 5 5 6 2 2 2 62 63 64 65 66 67 68 69 2 2 2 2 2 2 5 5 5 2 2 2 2 6 6 6 6 6 6 6 6 2 2 2 2 2 6 6 6 6 6 6 6 6 2 2 2 2 5 5 5 2 2 2 46 47 48 49 50 51 52 53 2 2 2 2 2 2 2 2 2 2 2 2 2 2 2 2 2 2 2 2 2 2 2 2 2 2 2 2 2 2 10 11 2 2 2 5 5 6 2 2 2 2 2 2 2 2 2 2 2 2 2 2 2 2 2 2 2 2 2 2 2 2 2 1 
1 2 2 2 2 2 2 2 2 2 2 2 2 2 2 2 2 2 6 5 5 5 6 2 2 2 70 71 72 73 74 75 76 77 2 2 2 2 2 6 5 5 5 2 2 2 2 2 2 2 2 2 2 2 2 2 2 2 2 2 2 2 2 2 2 2 2 2 2 2 2 2 5 5 5 2 2 2 54 55 56 57 58 59 60 61 2 2 2 2 2 2 2 2 2 2 2 2 2 2 2 2 2 2 2 2 2 2 2 2 2 2 2 2 2 2 12 13 2 2 2 5 5 6 2 2 2 2 2 2 2 2 2 2 2 2 2 2 2 2 2 2 2 2 2 2 2 2 2 1 
1 2 2 2 2 2 2 2 2 2 2 2 2 2 2 2 2 2 6 5 5 5 6 2 2 2 78 79 80 81 82 83 84 85 2 2 2 2 2 6 5 5 5 2 2 2 2 2 2 2 2 2 2 2 2 2 2 2 2 2 2 2 2 2 2 2 170 2 2 2 2 7 5 5 5 7 2 2 62 63 64 65 66 67 68 69 2 2 2 2 2 170 2 2 2 2 2 2 2 2 2 2 2 2 2 2 2 2 2 2 2 2 2 2 2 2 2 2 2 2 2 5 5 2 2 2 2 2 2 2 2 2 2 3 6 3 3 2 2 2 2 3 3 6 3 2 2 2 2 1 
1 2 2 2 2 2 2 2 2 2 2 2 2 2 2 2 2 2 6 5 5 5 6 2 2 2 86 87 88 89 90 91 92 93 2 2 2 2 2 6 5 5 5 2 2 2 2 170 2 2 2 2 2 2 2 2 2 2 2 2 2 2 2 2 2 2 2 2 2 2 2 7 5 5 5 7 2 2 70 71 72 73 74 75 76 77 2 2 2 2 2 2 2 2 2 2 2 2 2 2 2 2 2 2 2 2 2 2 2 2 2 2 2 2 2 2 2 2 2 2 2 2 2 2 2 2 2 2 2 2 2 2 2 3 6 7 7 4 2 2 4 7 6 6 3 2 2 2 2 1 
1 2 2 2 2 2 2 2 2 2 2 2 2 2 2 2 2 2 6 5 5 5 6 2 2 2 94 95 96 97 98 99 100 101 2 2 2 2 2 6 5 5 5 2 2 2 2 2 2 2 2 2 2 2 2 2 2 2 2 2 2 2 2 2 2 2 2 2 2 2 2 7 5 5 5 7 2 2 78 79 80 81 82 83 84 85 2 2 2 2 2 2 2 2 2 2 2 2 2 2 2 2 2 2 2 2 2 2 2 2 2 2 2 2 2 2 2 2 2 2 2 2 2 2 2 2 2 2 2 2 2 2 2 4 3 6 6 7 4 4 7 7 6 3 4 2 2 2 2 1 
1 2 2 2 2 2 2 2 2 2 2 2 2 2 2 2 2 2 6 5 5 5 6 2 2 2 2 2 2 2 2 2 2 2 2 2 2 2 2 6 5 5 5 6 2 2 2 2 2 2 2 2 2 2 2 2 14 15 16 17 18 19 20 21 2 2 2 2 2 2 2 7 5 5 5 7 2 2 86 87 88 89 90 91 92 93 2 2 2 2 2 2 2 2 2 2 2 2 2 2 2 2 2 2 2 2 2 2 2 2 2 2 2 2 2 2 2 2 2 2 2 2 2 2 2 2 2 2 2 2 2 2 2 2 4 3 6 6 6 6 6 6 6 4 2 2 2 2 2 1 
1 2 2 2 2 2 2 2 2 2 2 2 2 2 2 2 2 2 6 5 5 5 6 2 2 2 2 2 2 2 2 2 2 2 2 2 2 2 2 2 5 5 5 6 2 2 2 2 2 2 2 2 2 2 2 2 22 23 24 25 26 27 28 29 2 2 2 2 2 2 2 7 5 5 5 7 2 2 94 95 96 97 98 99 100 101 2 2 2 2 2 2 2 2 2 2 2 102 103 104 105 106 107 108 109 2 2 2 2 2 2 2 2 2 2 2 2 2 2 2 2 2 2 2 2 2 2 2 2 2 2 2 2 2 2 4 3 3 3 3 3 3 4 2 2 2 2 2 2 1 
1 2 2 2 2 2 2 2 2 2 2 2 2 2 2 2 2 2 6 5 5 5 6 2 2 2 2 2 2 2 2 2 2 2 2 2 2 2 2 2 5 5 5 6 2 2 2 2 2 2 2 2 2 2 2 2 30 31 32 33 34 35 36 37 2 2 2 2 2 2 2 2 5 5 5 2 2 2 2 2 2 2 2 2 2 2 2 2 2 2 2 2 2 2 2 2 2 110 111 112 113 114 115 116 117 2 2 2 2 2 2 2 2 2 2 2 2 2 2 2 2 2 2 2 2 2 2 2 2 2 2 2 2 2 2 2 2 2 2 2 2 2 2 2 2 2 2 2 2 1 
1 2 2 2 8 9 2 2 2 2 2 8 9 2 2 2 2 2 6 5 5 5 6 2 2 2 2 2 2 2 2 2 2 2 2 2 2 2 2 2 5 5 5 6 2 2 2 2 2 2 2 2 2 2 2 2 38 39 40 41 42 43 44 45 2 2 2 2 2 2 2 2 5 5 5 2 2 7 7 7 7 7 7 7 2 2 2 2 2 2 2 2 2 2 2 2 2 118 119 120 121 122 123 124 125 2 2 2 2 2 2 2 2 170 2 2 2 2 2 2 2 2 2 2 102 103 104 105 106 107 108 109 2 2 2 2 2 2 2 2 2 2 2 2 2 2 2 2 2 1 
1 2 2 2 10 11 2 2 2 2 2 10 11 2 2 2 2 2 6 5 5 5 6 6 6 6 6 6 6 6 6 6 6 6 6 6 6 6 6 6 5 5 5 6 2 2 2 2 2 2 2 2 2 2 2 2 46 47 48 49 50 51 52 53 2 2 2 2 2 5 5 5 5 5 5 5 5 5 5 5 5 5 5 5 5 5 5 5 5 5 2 2 2 2 2 2 2 126 127 128 129 130 131 132 133 2 2 2 2 2 2 2 2 2 2 2 2 2 2 2 2 2 2 2 110 111 112 113 114 115 116 117 2 2 2 2 2 2 2 2 2 2 2 2 2 2 2 2 2 1 
1 2 2 2 12 13 2 2 2 2 2 12 13 2 2 2 2 2 6 5 5 5 5 5 5 5 5 5 5 5 5 5 5 5 5 5 5 5 5 5 5 5 5 2 2 2 2 2 2 2 2 2 2 2 2 2 54 55 56 57 58 59 60 61 2 2 2 2 2 5 5 5 5 5 5 5 5 5 5 5 5 5 5 5 5 5 5 5 5 5 2 2 2 2 2 2 2 134 135 136 137 138 139 140 141 2 2 2 2 2 2 2 2 2 2 2 2 2 2 2 2 2 2 2 118 119 120 121 122 123 124 125 2 2 2 2 2 2 2 2 2 2 2 2 2 2 2 2 2 1 
1 2 2 2 2 2 2 2 2 2 2 2 2 2 2 2 2 2 6 5 5 5 5 5 5 5 5 5 5 5 5 5 5 5 5 5 5 5 5 5 5 5 5 2 2 2 2 2 2 2 2 2 2 2 2 2 62 63 64 65 66 67 68 69 2 2 2 2 2 5 5 5 5 5 5 5 5 5 5 5 5 5 5 5 5 5 5 5 5 5 2 2 2 2 2 2 2 142 143 144 145 146 147 148 149 2 2 2 2 2 2 2 2 2 2 2 2 2 2 2 2 2 2 2 126 127 128 129 130 131 132 133 2 2 2 2 2 2 2 2 2 2 2 2 2 2 2 2 2 1 
1 2 2 2 2 2 2 2 2 2 2 2 2 2 2 2 2 2 6 5 5 5 5 5 5 5 5 5 5 5 5 5 5 5 5 5 5 5 5 5 5 5 5 2 2 2 2 2 2 2 2 2 2 2 2 2 70 71 72 73 74 75 76 77 2 2 2 2 2 2 2 2 2 7 7 7 7 7 7 7 2 2 2 2 7 7 7 7 7 7 2 2 2 2 2 2 2 150 151 152 153 154 155 156 157 2 2 2 2 2 2 2 2 2 2 2 2 2 2 2 2 2 2 2 134 135 136 137 138 139 140 141 2 2 2 2 2 2 2 2 2 2 2 2 2 2 2 2 2 1 
1 2 2 2 2 2 2 2 2 2 2 2 2 2 2 2 2 2 6 6 6 6 6 6 6 6 6 6 6 6 6 6 6 6 6 6 6 6 6 6 5 5 5 2 2 2 2 2 2 2 2 2 2 2 2 2 78 79 80 81 82 83 84 85 2 2 2 2 2 2 2 2 2 2 2 2 2 2 2 2 2 2 2 2 2 2 2 2 2 2 2 2 2 2 2 2 2 158 159 160 161 162 163 164 165 2 2 2 2 2 2 2 2 2 2 2 2 2 2 2 2 2 2 2 142 143 144 145 146 147 148 149 2 2 2 2 2 2 2 2 2 2 2 2 2 2 2 2 2 1 
1 2 2 2 2 2 2 2 2 2 2 2 2 2 2 2 2 2 2 2 2 2 2 2 2 2 2 2 2 2 2 2 2 2 2 2 2 2 2 2 5 5 5 6 2 2 2 2 2 2 2 2 2 2 2 2 86 87 88 89 90 91 92 93 2 2 2 2 2 2 2 2 2 2 2 2 2 2 2 2 2 2 2 2 2 2 2 2 2 2 2 2 2 2 2 2 2 2 2 2 2 2 2 2 2 2 2 2 2 2 2 2 2 2 2 2 2 2 2 2 2 2 2 2 150 151 152 153 154 155 156 157 2 2 2 2 2 2 2 2 2 2 2 2 2 2 2 2 2 1 
1 2 2 2 2 2 2 2 2 2 2 2 2 2 2 2 2 2 2 2 2 2 2 2 2 2 2 2 2 2 2 2 2 2 2 2 2 2 2 2 5 5 5 6 2 2 2 2 2 2 2 2 2 2 2 2 94 95 96 97 98 99 100 101 2 2 2 2 2 2 2 2 2 2 2 2 2 2 2 2 2 2 2 2 2 2 2 2 2 2 2 2 2 2 2 2 2 2 2 2 2 2 2 2 2 2 2 2 2 2 2 2 2 2 2 2 2 2 2 2 2 2 2 2 158 159 160 161 162 163 164 165 2 2 2 2 2 2 2 2 2 2 2 2 2 2 2 2 2 1 
1 2 2 2 2 2 2 2 2 2 2 2 2 2 2 2 2 2 2 2 2 2 2 2 2 2 2 2 2 2 2 2 2 2 2 2 2 2 2 2 5 5 5 6 2 2 2 2 2 2 2 2 2 2 2 2 2 2 2 2 2 2 2 2 2 2 2 2 2 2 2 2 2 2 170 2 2 2 2 2 2 2 2 2 2 2 2 2 2 2 2 2 2 2 2 2 2 2 2 2 2 2 2 2 2 2 2 2 2 2 2 2 2 2 2 2 2 2 2 2 2 2 2 2 2 2 2 2 2 2 2 2 2 2 2 2 2 2 2 2 2 2 2 2 2 2 2 2 2 1 
1 2 2 2 2 2 2 2 2 2 2 2 2 2 2 2 2 2 2 2 2 2 2 2 2 2 2 2 2 2 2 2 2 2 2 2 2 2 2 6 5 5 5 6 2 2 2 2 2 2 2 2 2 2 2 2 2 2 2 2 2 2 2 2 2 2 2 2 2 2 2 2 2 2 2 2 2 2 2 2 2 2 2 2 2 2 2 2 2 2 2 2 2 2 2 2 2 2 2 2 2 2 2 2 2 2 2 2 2 2 2 2 2 2 2 2 2 2 2 2 2 2 2 2 2 2 2 2 2 2 2 2 2 2 2 2 2 2 2 2 2 2 170 2 2 2 2 2 2 1 
1 2 2 2 2 2 2 2 2 2 2 2 2 2 2 2 2 2 2 2 2 2 2 2 2 2 2 2 2 2 2 2 2 2 2 2 2 2 2 6 5 5 5 6 2 2 2 2 2 2 2 2 2 2 2 2 2 2 2 2 2 2 2 2 2 2 2 2 2 2 2 2 2 2 2 2 2 2 2 2 2 2 2 2 2 2 2 2 2 2 2 2 2 2 2 2 2 2 2 2 2 2 2 2 2 2 2 2 2 2 2 2 2 2 2 2 2 2 2 2 2 2 2 2 2 2 7 5 5 5 2 2 2 2 2 2 2 2 2 2 2 2 2 2 2 2 2 2 2 1 
1 2 2 2 2 2 2 2 2 2 2 2 2 2 2 2 2 2 2 2 2 2 2 2 2 2 2 2 2 2 2 2 2 2 2 2 2 2 2 6 5 5 5 2 2 2 2 2 2 2 2 2 2 2 2 2 2 2 2 2 2 2 2 2 2 2 2 2 2 2 2 2 2 2 2 2 2 2 2 2 2 2 2 2 2 2 2 2 2 2 2 2 2 2 2 2 2 2 2 2 2 2 2 2 2 2 2 2 2 2 2 2 2 2 2 2 2 2 2 2 2 2 2 2 2 2 7 5 5 5 2 2 2 2 2 2 2 2 2 2 2 2 2 2 2 2 2 2 2 1 
1 2 2 2 2 2 2 3 6 3 3 2 2 2 2 3 3 6 3 2 2 2 2 2 2 2 2 2 2 2 2 2 2 2 2 2 2 2 2 6 5 5 5 2 2 2 2 2 2 2 2 2 2 2 2 2 2 2 2 2 2 2 2 2 2 2 2 2 2 2 2 2 2 2 2 2 2 2 2 2 2 2 2 2 2 2 2 2 2 2 2 2 2 2 2 2 2 2 2 2 2 2 2 2 2 2 2 2 2 2 2 2 2 2 2 2 2 2 2 2 2 2 2 2 2 2 7 5 5 5 2 2 2 2 2 2 2 2 2 2 2 2 2 2 2 2 2 2 2 1 
1 2 2 2 2 2 2 3 6 7 7 4 2 2 4 7 6 6 3 2 2 2 2 2 2 2 2 2 2 2 2 2 2 2 2 2 2 2 2 6 5 5 5 2 2 2 2 2 2 2 2 2 2 2 2 2 2 2 2 2 2 2 2 2 2 2 2 2 2 2 2 2 2 2 2 2 2 2 2 2 2 2 2 2 2 2 2 2 2 2 2 2 2 2 2 2 2 2 2 2 2 2 2 7 7 7 7 7 7 2 2 2 2 7 7 7 7 7 7 2 2 2 2 2 2 2 7 5 5 5 2 2 2 2 2 2 2 2 2 2 2 2 2 2 2 2 2 2 2 1 
1 2 2 2 2 2 2 4 3 6 6 7 4 4 7 7 6 3 4 2 2 2 2 2 2 2 2 2 2 2 2 2 2 2 2 2 2 2 2 2 5 5 5 2 2 2 2 2 2 2 2 2 2 2 2 2 2 2 2 2 2 2 2 2 2 2 2 2 2 2 2 2 2 2 2 2 2 2 2 2 2 2 2 2 2 2 2 2 2 2 2 2 2 2 2 2 166 2 2 2 2 5 5 5 5 5 5 5 5 5 5 5 5 5 5 5 5 5 5 5 5 5 5 5 5 5 5 5 5 5 2 2 2 2 2 2 2 2 2 2 2 2 2 2 2 2 2 2 2 1 
1 2 2 2 2 2 2 2 4 3 6 6 6 6 6 6 6 4 2 2 2 2 2 2 2 2 2 2 2 2 2 2 2 2 2 2 2 2 2 2 5 5 5 6 2 2 2 2 2 2 2 2 2 2 2 2 2 2 2 2 2 2 2 2 2 2 2 2 2 2 2 2 2 2 2 2 2 2 2 2 2 2 2 2 2 2 2 2 2 2 2 2 2 2 2 2 2 2 2 2 2 5 5 5 5 5 5 5 5 5 5 5 5 5 5 5 5 5 5 5 5 5 5 5 5 5 5 5 5 5 2 2 2 2 2 2 2 2 2 2 2 2 2 2 2 2 2 2 2 1 
1 2 2 2 2 2 2 2 2 4 3 3 3 3 3 3 4 2 2 2 2 2 2 2 2 2 2 2 2 2 2 2 170 2 2 2 2 2 2 2 5 5 5 6 2 2 2 2 2 2 2 2 2 2 2 2 2 2 2 2 2 2 2 2 2 2 2 2 2 2 2 2 2 2 2 2 2 2 2 2 2 2 2 2 2 2 2 2 2 2 2 2 2 2 2 2 2 2 2 2 2 5 5 5 5 5 5 5 5 5 5 5 5 5 5 5 5 5 5 5 5 5 5 5 5 5 5 5 5 5 2 2 2 2 2 2 2 2 2 2 2 2 2 2 2 2 2 2 2 1 
1 2 2 2 2 2 2 2 2 2 2 2 2 2 2 2 2 2 2 2 2 2 2 2 2 2 2 2 2 2 2 2 2 2 2 2 2 2 2 6 5 5 5 6 2 2 2 2 2 2 2 2 2 2 2 2 2 2 2 2 2 2 2 2 2 2 2 2 2 2 2 2 2 2 2 2 2 2 2 2 2 2 2 2 2 2 2 2 2 2 2 2 2 2 2 2 2 2 2 2 2 2 2 5 5 5 2 2 2 2 7 7 7 7 7 7 2 2 2 2 7 7 7 7 7 7 2 5 5 5 6 2 2 2 2 2 2 2 2 2 2 2 2 2 2 2 2 2 2 1 
1 2 2 2 2 2 2 2 2 2 2 2 2 2 2 2 2 2 2 2 2 2 2 2 2 2 2 2 2 2 2 2 2 2 2 2 2 2 2 6 5 5 5 6 2 2 2 2 2 2 2 2 2 2 2 2 2 2 2 2 2 2 2 2 2 2 2 2 2 2 2 2 2 2 2 2 2 2 2 2 2 2 2 2 2 2 2 2 2 2 2 2 2 2 2 2 2 2 2 2 2 2 2 5 5 5 6 2 2 2 2 2 2 2 2 2 2 2 2 2 2 2 2 2 2 2 2 5 5 5 6 2 2 2 2 2 2 2 2 2 2 2 2 2 2 2 2 2 2 1 
1 2 2 2 2 2 2 2 2 2 2 2 2 2 2 2 2 2 2 2 2 2 2 2 2 2 2 2 2 2 2 2 2 2 2 2 2 2 2 6 5 5 5 6 2 2 2 2 2 2 2 2 2 2 2 2 2 2 2 2 2 2 2 2 2 2 2 2 2 2 2 2 2 2 2 2 2 2 2 2 2 2 2 2 2 2 2 2 2 2 2 2 2 2 2 2 2 2 2 2 2 2 2 5 5 5 6 2 2 2 2 2 2 2 2 2 2 2 2 2 2 2 2 2 2 2 2 5 5 5 6 2 2 2 2 2 2 2 2 2 2 2 2 2 2 2 2 2 2 1 
1 2 2 2 2 2 2 2 2 2 2 2 2 2 2 2 2 2 2 2 2 2 2 2 2 2 2 2 2 2 2 2 2 2 2 2 2 2 2 6 5 5 5 2 2 2 2 2 2 2 2 2 2 2 2 2 2 2 2 2 2 2 2 2 2 2 2 2 2 2 2 2 2 2 2 2 2 2 2 2 2 2 2 2 2 2 2 2 2 2 2 2 2 2 2 2 2 2 2 2 2 2 2 5 5 5 6 2 2 2 2 2 2 2 2 2 2 2 2 2 2 2 2 2 2 2 6 5 5 5 6 2 2 2 2 2 2 2 2 2 2 2 2 2 2 2 2 2 2 1 
1 2 2 2 2 2 2 2 2 2 2 2 2 2 2 2 2 2 2 2 2 6 5 5 5 6 2 2 2 2 2 2 2 2 2 2 2 2 2 6 5 5 5 2 2 8 9 2 2 2 2 2 2 2 2 2 2 2 2 2 2 2 2 2 2 2 2 2 2 2 2 2 2 2 2 2 2 2 2 2 2 2 2 2 2 2 2 2 2 2 2 2 2 2 2 2 2 2 2 2 2 2 2 5 5 5 6 2 2 2 2 2 2 2 2 2 2 2 2 2 2 2 2 2 2 2 6 5 5 5 6 2 2 2 2 2 2 2 2 2 2 2 2 2 2 2 2 2 2 1 
1 2 2 2 2 2 2 2 2 2 2 2 2 2 2 2 2 2 2 2 2 6 5 5 5 6 2 2 2 2 2 2 2 2 2 2 2 2 2 2 5 5 5 2 2 10 11 2 2 2 2 2 2 2 2 2 2 2 2 2 2 2 2 2 2 2 2 2 2 2 2 2 2 2 2 2 2 2 2 2 2 2 2 2 2 2 2 2 2 2 2 2 2 2 2 2 2 2 2 2 2 2 6 5 5 5 6 2 2 2 2 2 2 170 2 2 2 2 2 2 2 2 2 2 2 2 6 5 5 5 6 2 2 2 2 2 2 2 2 2 2 2 2 2 2 2 2 2 2 1 
1 2 2 2 2 2 2 2 2 2 2 2 2 2 2 2 2 2 2 2 2 6 5 5 5 6 2 2 2 2 2 2 2 2 2 2 2 2 2 2 5 5 5 2 2 12 13 2 2 2 2 2 2 2 2 2 2 2 2 2 2 2 2 2 2 2 2 2 2 2 2 2 2 2 2 2 2 2 2 2 2 2 2 2 2 2 2 2 2 2 2 2 2 2 2 2 2 2 2 2 2 2 6 5 5 5 6 2 2 2 2 2 2 2 2 2 2 2 2 2 2 2 2 2 2 2 6 5 5 5 6 2 2 2 2 2 2 2 2 2 2 2 2 2 2 2 2 2 2 1 
1 2 2 2 2 2 2 2 2 2 2 2 2 2 2 2 2 2 2 2 2 6 5 5 5 6 2 2 2 2 2 2 2 2 2 2 2 2 2 2 5 5 5 2 2 2 2 2 2 2 2 2 2 2 2 2 2 2 2 2 2 2 2 2 2 2 2 2 2 2 2 2 2 2 2 2 2 2 2 2 2 2 2 2 2 2 2 2 2 2 2 2 2 2 2 2 2 2 2 2 2 2 6 5 5 5 6 2 2 2 2 2 2 2 2 2 2 2 2 2 2 2 2 2 2 2 6 5 5 5 2 2 2 2 2 3 6 3 3 2 2 2 2 3 3 6 3 2 2 1 
1 2 2 2 2 2 2 2 2 2 2 2 2 2 2 2 2 2 2 2 2 6 5 5 5 6 2 2 2 7 7 7 7 7 7 2 5 5 5 5 5 5 5 5 5 5 5 5 5 2 2 7 7 7 7 7 7 2 2 2 2 2 2 2 2 2 2 2 2 2 2 2 2 2 2 2 2 2 2 2 2 2 2 2 2 2 2 2 2 2 2 2 2 2 2 2 2 2 2 2 2 2 6 5 5 5 2 2 2 2 2 2 2 2 2 2 2 2 2 2 2 2 2 2 2 2 6 5 5 5 2 2 2 2 2 3 6 7 7 4 2 2 4 7 6 6 3 2 2 1 
1 2 2 2 2 2 2 2 2 2 2 2 2 2 2 2 2 2 2 2 2 6 5 5 5 5 5 5 5 5 5 5 5 5 5 5 5 5 5 5 5 5 5 5 5 5 5 5 5 5 5 5 5 5 5 5 5 5 5 5 2 2 2 2 2 2 2 2 2 2 2 2 2 2 2 2 2 2 2 2 2 2 2 2 2 2 2 2 2 2 2 2 2 2 2 2 2 2 2 2 2 2 6 5 5 5 2 2 2 2 2 2 2 2 2 2 2 2 2 2 2 2 2 2 2 2 6 5 5 5 2 2 2 2 2 4 3 6 6 7 4 4 7 7 6 3 4 2 2 1 
1 2 2 2 2 2 2 2 2 2 2 2 2 2 2 2 2 2 2 2 2 2 5 5 5 5 5 5 5 5 5 5 5 5 5 5 5 5 5 5 5 5 5 5 5 5 5 5 5 5 5 5 5 5 5 5 5 5 5 5 2 2 2 2 2 2 2 2 2 2 2 2 2 2 2 2 2 2 2 2 2 2 2 2 2 2 2 2 2 2 2 2 2 2 2 2 2 2 2 2 2 2 6 5 5 5 2 2 2 2 2 2 2 2 2 2 2 2 2 2 2 2 2 2 2 2 2 5 5 5 2 2 2 2 2 2 4 3 6 6 6 6 6 6 6 4 2 2 2 1 
1 2 2 2 2 2 2 2 2 2 2 2 2 2 2 2 2 2 2 2 2 2 5 5 5 2 2 2 7 7 7 7 7 7 2 2 5 5 5 5 5 5 5 5 5 5 5 5 5 2 2 2 2 2 2 2 6 5 5 5 2 2 2 2 2 2 2 2 2 2 2 2 2 2 2 2 2 2 2 2 2 2 2 2 2 2 2 2 2 2 2 2 2 2 2 2 2 2 2 2 2 2 6 5 5 5 6 2 2 2 2 2 2 2 2 2 2 2 2 2 2 2 2 2 2 2 2 5 5 5 2 2 2 2 2 2 2 4 3 3 3 3 3 3 4 2 2 2 2 1 
1 2 2 2 2 2 2 2 2 2 2 2 2 2 2 2 2 2 2 2 2 2 5 5 5 2 2 2 2 2 2 2 2 2 2 2 2 2 2 2 2 2 2 2 2 2 2 2 2 2 2 2 2 2 2 2 6 5 5 5 2 2 2 2 2 2 2 2 2 2 2 2 2 2 2 2 2 2 2 2 2 2 2 2 2 2 2 2 2 2 2 2 170 2 2 2 2 2 2 2 2 2 2 5 5 5 6 2 2 2 2 2 2 2 2 2 2 2 2 2 2 2 2 2 2 2 2 5 5 5 2 2 2 2 2 2 2 2 2 2 2 2 2 2 2 2 2 2 2 1 
1 2 2 2 2 2 2 2 2 2 2 2 2 2 2 2 2 2 2 2 2 6 5 5 5 2 2 2 2 2 2 2 2 2 2 2 2 2 2 2 2 2 2 2 2 2 2 2 2 2 2 2 2 2 2 2 6 5 5 5 6 2 2 2 2 2 2 2 2 2 2 2 2 2 2 2 2 2 2 2 2 2 2 2 2 2 2 2 2 2 2 2 2 2 2 2 2 2 2 2 2 2 2 5 5 5 6 2 2 2 2 2 2 2 2 2 2 2 2 2 2 2 2 2 2 2 2 5 5 5 2 2 2 2 2 2 2 2 2 2 2 2 2 2 2 2 2 2 2 1 
1 2 2 2 2 2 2 102 103 104 105 106 107 108 109 2 2 2 2 2 2 6 5 5 5 2 2 2 2 2 2 2 2 2 2 2 2 2 170 2 2 2 2 2 2 2 2 2 2 2 8 9 2 2 2 2 6 5 5 5 6 2 2 2 2 2 2 2 2 2 2 2 2 2 2 2 2 2 2 2 2 2 2 2 2 2 2 2 2 2 2 2 2 2 2 2 2 2 2 2 2 2 2 5 5 5 6 2 2 2 2 2 2 2 2 2 2 2 2 2 2 2 2 2 2 2 6 5 5 5 2 2 2 2 2 2 2 2 2 2 2 2 2 2 2 2 2 2 2 1 
1 2 2 2 2 2 2 110 111 112 113 114 115 116 117 2 2 2 2 2 2 6 5 5 5 2 2 2 2 2 2 2 2 2 2 2 2 2 2 2 2 2 2 2 2 2 2 2 2 2 10 11 2 2 2 2 6 5 5 5 6 2 2 2 2 2 2 2 102 103 104 105 106 107 108 109 2 2 2 2 2 2 2 2 2 2 2 2 2 2 2 2 2 2 2 2 2 2 2 2 2 2 2 5 5 5 6 2 2 2 2 2 2 2 2 2 2 2 2 2 2 2 2 2 2 2 6 5 5 5 2 2 2 2 2 2 2 2 2 2 2 2 2 2 2 2 2 2 2 1 
1 2 2 2 2 2 2 118 119 120 121 122 123 124 125 2 2 2 2 2 2 6 5 5 5 2 2 2 2 2 2 2 2 2 2 2 2 2 2 2 2 2 2 2 2 2 2 2 2 2 12 13 2 2 2 2 2 5 5 5 6 2 2 2 2 2 2 2 110 111 112 113 114 115 116 117 2 2 2 2 2 2 2 2 2 7 7 7 7 7 7 2 2 2 2 2 7 7 7 7 7 7 2 5 5 5 6 2 2 2 2 2 2 2 2 2 2 2 2 2 2 2 2 2 2 2 6 5 5 5 2 2 2 2 2 2 170 170 2 2 14 15 16 17 18 19 20 21 2 1 
1 2 2 2 2 2 2 126 127 128 129 130 131 132 133 2 2 2 2 2 2 6 5 5 5 6 2 2 2 2 2 8 9 2 2 2 2 2 2 2 2 2 2 2 2 2 2 2 2 2 2 2 2 2 2 2 2 5 5 5 6 2 2 2 2 2 2 2 118 119 120 121 122 123 124 125 2 2 2 5 5 5 5 5 5 5 5 5 5 5 5 5 5 5 5 5 5 5 5 5 5 5 5 5 5 5 6 2 2 2 2 2 2 2 2 2 2 2 2 2 2 2 2 2 2 2 6 5 5 5 6 2 2 2 2 2 2 2 2 2 22 23 24 25 26 27 28 29 2 1 
1 2 2 2 2 2 2 134 135 136 137 138 139 140 141 2 2 2 2 2 2 2 5 5 5 6 2 2 2 2 2 10 11 2 2 2 2 2 2 2 2 2 2 14 15 16 17 18 19 20 21 2 2 2 2 2 2 5 5 5 2 2 2 2 2 2 2 2 126 127 128 129 130 131 132 133 2 2 2 5 5 5 5 5 5 5 5 5 5 5 5 5 5 5 5 5 5 5 5 5 5 5 5 5 5 5 2 2 2 2 2 2 2 2 2 2 2 2 2 2 2 2 2 2 2 2 6 5 5 5 6 2 2 2 2 2 2 2 2 2 30 31 32 33 34 35 36 37 2 1 
1 2 2 2 2 2 2 142 143 144 145 146 147 148 149 2 2 2 2 2 2 2 5 5 5 6 2 2 2 2 2 12 13 2 2 2 2 2 170 2 2 2 2 22 23 24 25 26 27 28 29 2 2 2 2 2 6 5 5 5 2 2 2 2 2 2 2 2 134 135 136 137 138 139 140 141 2 2 2 5 5 5 5 5 5 5 5 5 5 5 5 5 5 5 5 5 5 5 5 5 5 5 5 5 5 5 2 2 2 2 2 2 2 2 2 2 2 2 2 2 2 2 2 2 2 2 6 5 5 5 6 2 2 2 2 2 2 2 2 2 38 39 40 41 42 43 44 45 2 1 
1 2 2 2 2 2 2 150 151 152 153 154 155 156 157 2 2 2 2 2 2 2 5 5 5 6 2 2 2 2 2 2 2 2 2 2 2 2 2 2 2 2 2 30 31 32 33 34 35 36 37 2 2 2 2 2 6 5 5 5 2 2 2 2 2 2 2 2 142 143 144 145 146 147 148 149 2 2 2 2 5 5 5 2 2 2 2 2 7 7 7 7 7 7 2 2 2 7 7 7 7 7 7 5 5 5 2 2 2 2 2 2 2 2 2 2 2 2 2 2 2 2 2 2 2 2 6 5 5 5 6 2 2 2 2 2 2 2 2 2 46 47 48 49 50 51 52 53 2 1 
1 2 2 2 2 2 2 158 159 160 161 162 163 164 165 2 2 2 2 2 2 2 5 5 5 6 2 2 2 2 2 2 2 2 2 2 2 2 2 2 2 2 2 38 39 40 41 42 43 44 45 2 2 2 2 2 6 5 5 5 6 2 2 2 2 2 2 2 150 151 152 153 154 155 156 157 2 2 2 2 5 5 5 2 2 2 2 2 2 2 2 2 2 2 2 2 2 2 2 2 2 2 2 5 5 5 2 2 2 2 2 2 2 2 2 2 2 2 2 2 2 2 2 2 2 2 2 5 5 5 6 2 2 2 2 2 2 2 2 2 54 55 56 57 58 59 60 61 2 1 
1 2 2 2 2 2 2 2 2 2 2 2 2 2 2 2 2 2 2 2 2 2 5 5 5 2 2 2 2 2 2 2 2 2 2 2 2 2 2 2 2 2 2 46 47 48 49 50 51 52 53 2 2 2 2 2 6 5 5 5 6 2 2 2 2 2 2 2 158 159 160 161 162 163 164 165 2 2 2 2 5 5 5 7 2 2 2 2 2 2 2 2 2 2 2 2 2 2 2 2 2 2 2 5 5 5 2 2 2 2 2 2 2 2 2 2 2 2 2 2 2 2 2 2 2 2 2 5 5 5 6 2 2 2 2 2 2 2 2 2 62 63 64 65 66 67 68 69 2 1 
1 2 2 2 2 2 2 2 2 2 2 2 2 2 2 2 2 2 2 2 2 2 5 5 5 2 2 2 2 2 2 2 2 2 2 2 2 2 2 2 2 2 2 54 55 56 57 58 59 60 61 2 2 2 2 2 6 5 5 5 6 2 2 2 2 2 2 2 2 2 2 2 2 2 2 2 2 2 2 2 5 5 5 7 2 2 2 2 2 2 2 2 2 2 2 2 2 2 2 2 2 2 2 2 2 2 2 2 2 2 2 2 2 102 103 104 105 106 107 108 109 2 2 2 2 2 2 5 5 5 6 2 2 2 2 2 2 2 2 2 70 71 72 73 74 75 76 77 2 1 
1 2 2 2 2 2 2 2 2 2 2 2 2 5 5 5 5 5 5 5 5 5 5 5 5 5 5 5 5 5 5 5 5 5 2 2 2 2 2 2 2 2 2 62 63 64 65 66 67 68 69 2 2 2 2 2 2 5 5 5 6 2 2 2 2 2 2 2 2 2 2 2 2 2 2 2 2 2 2 2 5 5 5 7 2 2 2 14 15 16 17 18 19 20 21 2 2 2 2 2 2 2 2 2 2 2 2 2 2 2 2 2 2 102 103 104 105 106 107 108 109 2 2 2 2 2 2 5 5 5 2 2 2 2 2 2 2 2 2 2 78 79 80 81 82 83 84 85 2 1 
1 2 2 2 2 2 2 2 2 2 2 2 2 5 5 5 5 5 5 5 5 5 5 5 5 5 5 5 5 5 5 5 5 5 2 2 2 2 2 2 2 2 2 70 71 72 73 74 75 76 77 2 2 2 2 2 2 5 5 5 6 2 2 2 2 2 2 2 2 2 2 2 2 2 2 2 2 2 2 2 5 5 5 7 2 2 2 22 23 24 25 26 27 28 29 2 2 2 2 2 2 2 2 2 2 2 2 2 2 2 2 2 2 110 111 112 113 114 115 116 117 2 2 2 2 2 2 5 5 5 2 2 2 2 2 2 2 2 2 2 86 87 88 89 90 91 92 93 2 1 
1 2 2 2 2 2 2 2 2 2 2 2 2 5 5 5 5 5 5 5 5 5 5 5 5 5 5 5 5 5 5 5 5 5 2 2 2 2 2 2 2 2 2 78 79 80 81 82 83 84 85 2 2 2 2 2 2 5 5 5 2 2 2 2 2 2 2 2 2 2 2 2 2 2 2 2 2 2 2 2 5 5 5 2 2 2 2 30 31 32 33 34 35 36 37 2 2 2 2 2 2 2 2 2 2 2 2 2 2 2 2 2 2 118 119 120 121 122 123 124 125 2 2 2 2 2 2 5 5 5 2 2 7 7 7 7 7 7 2 2 94 95 96 97 98 99 100 101 2 1 
1 2 2 2 2 2 2 2 2 2 2 2 2 5 5 5 2 7 7 7 7 7 7 2 2 2 2 7 7 7 7 7 7 2 2 2 2 2 2 2 2 2 2 86 87 88 89 90 91 92 93 2 2 2 2 2 6 5 5 5 5 5 5 5 5 5 5 5 5 5 5 5 5 5 5 5 5 5 5 5 5 5 5 2 2 2 2 38 39 40 41 42 43 44 45 2 2 2 2 2 2 2 2 2 2 2 2 2 2 2 2 2 2 126 127 128 129 130 131 132 133 2 2 2 5 5 5 5 5 5 5 5 5 5 5 5 5 5 5 5 5 5 5 5 5 2 2 2 2 1 
1 2 2 2 2 2 2 2 2 2 2 2 6 5 5 5 2 2 2 2 2 2 2 2 2 2 2 2 2 2 2 2 2 2 2 2 2 2 2 2 2 2 2 94 95 96 97 98 99 100 101 2 2 2 2 2 6 5 5 5 5 5 5 5 5 5 5 5 5 5 5 5 5 5 5 5 5 5 5 5 5 5 5 2 2 2 2 46 47 48 49 50 51 52 53 2 2 2 2 2 2 2 2 2 2 2 2 2 2 2 2 2 2 134 135 136 137 138 139 140 141 2 2 2 5 5 5 5 5 5 5 5 5 5 5 5 5 5 5 5 5 5 5 5 5 2 2 2 2 1 
1 2 2 2 2 2 2 2 2 2 2 2 6 5 5 5 2 2 2 2 2 2 2 2 2 2 2 2 2 2 2 2 2 2 2 2 2 2 2 2 2 2 2 2 2 2 2 2 2 2 2 2 2 2 2 2 6 5 5 5 5 5 5 5 5 5 5 5 5 5 5 5 5 5 5 5 5 5 5 5 5 5 5 2 2 2 2 54 55 56 57 58 59 60 61 2 2 2 2 2 2 2 2 2 2 2 2 2 2 2 2 2 2 142 143 144 145 146 147 148 149 2 2 2 5 5 5 5 5 5 5 5 5 5 5 5 5 5 5 5 5 5 5 5 5 2 2 2 2 1 
1 2 2 2 2 2 2 2 2 2 2 2 6 5 5 5 2 2 2 2 2 2 2 2 2 2 2 2 2 2 2 2 2 2 2 2 2 2 2 2 2 2 2 2 2 2 2 2 2 2 2 2 2 2 2 2 6 5 5 5 2 2 2 2 2 2 2 2 2 2 2 2 2 2 2 2 2 2 2 2 5 5 5 2 2 2 2 62 63 64 65 66 67 68 69 2 2 2 2 2 2 2 2 2 2 2 2 2 2 2 2 2 2 150 151 152 153 154 155 156 157 2 2 2 2 2 7 7 7 7 7 7 2 2 2 2 2 2 2 5 5 5 2 2 2 2 2 2 2 1 
1 2 2 2 2 2 2 2 2 2 2 2 6 5 5 5 2 2 2 2 2 2 2 2 2 2 2 2 2 2 2 2 2 2 2 2 2 2 2 2 2 2 2 2 2 2 2 2 2 2 2 2 2 2 2 2 6 5 5 5 2 2 2 2 2 2 2 2 2 2 2 2 2 2 2 2 2 2 2 2 5 5 5 2 2 2 2 70 71 72 73 74 75 76 77 2 2 2 2 2 2 170 2 2 2 2 2 2 2 2 2 2 2 158 159 160 161 162 163 164 165 2 2 2 2 2 2 2 2 2 2 2 2 2 2 2 2 2 2 5 5 5 2 2 2 2 2 2 2 1 
1 2 2 2 2 2 2 2 2 2 2 2 6 5 5 5 2 2 2 2 2 2 2 2 2 2 2 170 2 2 2 2 2 2 2 2 2 2 2 2 2 2 2 2 2 2 2 2 2 2 2 2 2 2 2 2 2 5 5 5 2 2 2 2 2 2 2 2 2 2 2 2 2 2 2 2 2 2 2 2 5 5 5 2 2 2 2 78 79 80 81 82 83 84 85 2 2 2 2 2 2 2 2 2 2 2 2 2 2 2 2 2 2 2 2 2 2 2 2 2 2 2 2 2 2 2 2 2 2 2 2 2 2 2 2 2 2 2 2 5 5 5 2 2 2 2 2 2 2 1 
1 2 2 2 2 2 2 8 9 2 2 2 2 5 5 5 6 2 2 2 2 2 2 2 2 2 2 2 2 2 2 2 2 2 2 2 2 2 2 2 2 2 2 2 2 2 2 2 2 2 2 2 2 2 2 2 2 5 5 5 2 2 2 2 2 2 2 2 2 2 2 2 2 2 2 2 2 2 2 2 5 5 5 7 2 2 2 86 87 88 89 90 91 92 93 2 2 2 2 2 2 2 2 2 2 2 2 2 2 2 2 2 2 2 2 2 2 2 2 2 2 2 2 2 2 2 2 2 2 2 2 2 2 2 2 2 2 2 2 5 5 5 2 2 2 2 2 2 2 1 
1 2 2 2 2 2 2 10 11 2 2 2 2 5 5 5 6 2 2 2 2 2 2 2 2 2 2 2 2 2 2 2 2 2 2 102 103 104 105 106 107 108 109 2 2 2 2 2 2 2 2 2 2 2 2 2 2 5 5 5 2 2 2 2 2 2 2 2 2 2 2 2 2 2 2 2 2 2 2 2 5 5 5 7 2 2 2 94 95 96 97 98 99 100 101 2 2 2 2 2 2 2 2 2 2 2 2 2 2 2 2 2 2 2 2 2 2 2 2 2 2 2 2 2 2 2 2 2 2 2 2 2 2 2 2 2 2 2 2 5 5 5 2 2 2 2 2 2 2 1 
1 2 2 2 2 2 2 12 13 2 2 2 2 5 5 5 6 2 2 2 2 2 2 2 2 2 2 2 2 2 2 2 2 2 2 110 111 112 113 114 115 116 117 2 2 2 2 2 2 2 2 2 2 2 2 2 6 5 5 5 2 2 102 103 104 105 106 107 108 109 2 2 2 2 2 2 2 2 2 2 5 5 5 7 2 2 2 2 2 2 2 2 2 2 2 2 2 2 2 2 2 2 2 2 2 2 2 2 2 2 2 2 2 2 2 2 2 2 2 2 2 2 2 2 2 2 2 2 2 2 2 2 2 2 2 2 2 2 6 5 5 5 2 2 2 2 2 2 2 1 
1 2 2 2 2 2 2 2 2 2 2 2 2 5 5 5 6 2 2 2 2 2 2 2 2 2 2 2 2 2 2 2 2 2 2 118 119 120 121 122 123 124 125 2 2 2 2 2 2 2 2 2 2 2 2 2 6 5 5 5 2 2 110 111 112 113 114 115 116 117 2 2 2 2 2 2 2 2 2 2 5 5 5 7 2 2 2 2 2 2 2 2 2 2 2 2 2 2 2 2 2 2 2 2 2 2 2 2 2 2 2 2 2 2 2 2 2 2 2 2 2 2 2 2 2 2 2 2 2 2 2 2 2 2 2 2 2 2 6 5 5 5 2 2 2 2 2 2 2 1 
1 2 2 2 2 2 2 2 2 2 2 2 6 5 5 5 6 2 2 2 2 2 2 2 2 2 2 2 2 2 2 2 2 2 2 126 127 128 129 130 131 132 133 2 2 2 2 2 2 2 2 2 2 2 2 2 6 5 5 5 2 2 118 119 120 121 122 123 124 125 2 2 2 2 2 2 2 2 2 2 5 5 5 2 2 2 2 2 2 2 2 2 2 5 5 5 2 2 2 2 2 2 2 2 2 2 2 2 2 2 2 2 2 2 2 2 2 2 2 2 2 2 2 2 2 2 2 2 2 2 2 2 2 2 2 2 2 2 6 5 5 5 2 2 2 2 2 2 2 1 
1 2 2 2 2 2 2 2 2 2 2 2 6 5 5 5 2 2 2 2 2 2 2 2 2 2 2 2 2 2 2 2 2 2 2 134 135 136 137 138 139 140 141 2 2 2 2 2 2 2 2 2 2 2 2 2 6 5 5 5 2 2 126 127 128 129 130 131 132 133 2 2 2 7 7 7 7 7 7 2 5 5 5 2 7 7 7 7 7 7 2 2 2 5 5 5 2 2 2 2 2 2 2 2 170 2 2 2 2 2 2 2 2 2 2 2 2 2 2 2 2 2 2 2 2 2 2 2 2 2 2 2 2 2 2 2 2 2 6 5 5 5 2 2 2 2 2 2 2 1 
1 2 2 2 2 2 2 2 2 2 2 2 6 5 5 5 2 2 2 2 2 2 2 2 2 2 2 2 2 2 2 2 2 2 2 142 143 144 145 146 147 148 149 2 2 2 2 2 2 2 2 2 2 2 2 2 6 5 5 5 2 2 134 135 136 137 138 139 140 141 2 2 5 5 5 5 5 5 5 5 5 5 5 5 5 5 5 5 5 5 5 5 5 5 5 5 2 2 2 2 2 2 2 2 2 2 2 170 2 2 2 2 2 2 2 2 2 2 2 2 2 2 170 2 2 2 2 2 170 170 2 2 2 2 2 2 2 2 6 5 5 5 2 2 2 2 2 2 2 1 
1 2 2 2 2 2 2 2 2 2 2 2 6 5 5 5 2 2 2 2 2 2 2 2 2 2 2 2 2 2 2 2 2 2 2 150 151 152 153 154 155 156 157 2 2 2 2 2 2 2 2 2 2 2 2 2 2 5 5 5 2 2 142 143 144 145 146 147 148 149 2 2 5 5 5 5 5 5 5 5 5 5 5 5 5 5 5 5 5 5 5 5 5 5 5 5 2 2 2 2 2 2 2 2 2 2 2 2 2 2 2 2 2 2 2 2 2 2 2 2 2 2 2 2 2 2 2 2 2 2 2 2 2 2 2 2 2 2 6 5 5 5 2 2 2 2 2 2 2 1 
1 2 2 2 2 2 2 2 2 2 2 2 6 5 5 5 6 2 2 2 2 2 2 170 2 2 2 2 2 2 2 2 2 2 2 158 159 160 161 162 163 164 165 2 2 2 2 2 2 2 2 2 2 2 2 2 2 5 5 5 2 2 150 151 152 153 154 155 156 157 2 2 5 5 5 5 5 5 5 5 5 5 5 5 5 5 5 5 5 5 5 5 5 5 5 5 2 2 2 2 2 2 2 2 2 2 2 2 2 2 2 2 2 2 2 2 2 2 2 2 2 2 2 2 2 2 2 2 2 2 2 2 2 2 2 2 2 2 6 5 5 5 6 2 2 2 2 2 2 1 
1 2 2 2 2 2 2 2 2 2 2 2 2 5 5 5 6 2 2 2 2 2 2 2 2 2 2 2 2 2 2 2 2 2 2 2 2 2 2 2 2 2 2 2 2 2 2 2 2 2 2 2 2 2 2 2 6 5 5 5 2 2 158 159 160 161 162 163 164 165 2 2 2 2 2 7 7 7 7 7 7 2 2 2 7 7 7 7 7 7 2 2 2 5 5 5 2 2 2 2 2 2 2 2 2 2 2 2 2 2 2 2 2 2 2 2 2 2 2 2 2 2 2 2 2 2 2 2 2 2 2 2 2 2 2 2 2 2 2 5 5 5 6 2 2 2 2 2 2 1 
1 2 2 2 2 2 2 2 2 2 2 2 2 5 5 5 6 2 2 2 2 2 2 2 2 2 2 2 2 2 2 2 2 2 2 2 2 2 2 2 2 2 2 2 2 2 2 2 2 2 2 2 2 2 2 2 6 5 5 5 2 2 2 2 2 2 2 2 2 2 2 2 2 2 2 2 2 2 2 2 2 2 2 2 2 2 2 2 2 2 2 2 2 5 5 5 2 2 2 2 2 2 2 2 2 2 2 2 2 2 2 2 2 2 2 2 2 2 2 2 2 2 2 2 2 2 2 2 2 2 2 2 2 2 2 2 2 2 2 5 5 5 6 2 2 2 2 2 2 1 
1 2 2 8 9 2 2 2 2 2 2 2 2 5 5 5 6 2 2 2 2 2 2 2 2 170 2 2 2 2 2 2 2 2 2 2 2 2 5 5 5 2 2 2 2 2 2 2 2 2 2 2 2 2 2 2 6 5 5 5 2 2 2 2 2 2 2 2 2 2 2 2 2 2 2 2 2 2 2 2 2 2 2 2 2 2 2 2 2 2 2 2 7 5 5 5 2 2 2 2 2 2 2 2 2 2 2 2 2 2 2 2 2 2 2 2 2 2 2 2 2 2 2 2 2 2 2 2 2 2 2 2 2 2 2 2 2 2 2 5 5 5 6 2 2 2 2 2 2 1 
1 2 2 10 11 2 2 2 2 2 2 2 2 2 2 2 2 2 2 2 2 2 2 2 2 2 2 2 2 2 2 2 2 2 2 2 2 2 5 5 5 2 2 2 2 2 2 2 2 2 2 2 2 2 2 2 6 5 5 5 2 2 2 2 2 2 2 2 2 2 2 2 2 2 2 2 2 2 2 2 2 2 2 2 2 2 2 8 9 2 2 2 7 5 5 5 2 2 2 2 2 2 2 2 2 2 2 2 102 103 104 105 106 107 108 109 2 2 2 2 2 2 2 2 2 2 2 2 2 2 2 2 2 2 2 2 2 2 2 5 5 5 6 2 2 2 2 2 2 1 
1 2 2 12 13 2 2 2 2 2 2 2 2 2 2 2 2 2 2 2 2 2 2 2 2 2 2 2 2 2 2 2 2 2 2 2 2 2 5 5 5 2 2 2 2 2 2 2 2 2 2 2 2 2 2 2 6 5 5 5 2 2 2 2 2 2 2 2 2 2 2 2 2 2 2 2 2 2 2 2 2 2 2 2 2 2 2 10 11 2 2 2 7 5 5 5 2 2 2 2 2 2 2 2 2 2 2 2 110 111 112 113 114 115 116 117 2 2 2 2 2 2 2 2 2 2 2 2 2 2 2 2 2 2 2 2 2 2 2 5 5 5 6 2 2 2 2 2 2 1 
1 2 2 2 2 2 2 2 2 2 2 2 2 2 2 2 2 2 2 2 2 8 9 2 2 2 2 2 2 2 2 2 2 2 2 2 2 2 5 5 5 5 5 5 5 5 5 5 5 5 5 5 5 5 5 5 5 5 5 5 5 5 2 2 2 2 2 2 2 2 2 2 2 2 2 2 2 2 2 2 2 2 2 2 2 2 2 12 13 2 2 2 7 5 5 5 7 2 2 2 2 2 2 2 2 2 2 2 118 119 120 121 122 123 124 125 2 2 2 2 2 2 2 2 2 2 2 2 2 2 2 2 2 2 2 2 2 2 6 5 5 5 6 2 2 2 2 2 2 1 
1 2 2 2 2 2 2 2 2 2 2 2 2 2 2 2 2 2 2 2 2 10 11 2 2 2 2 2 2 2 2 2 2 2 2 2 2 2 5 5 5 5 5 5 5 5 5 5 5 5 5 5 5 5 5 5 5 5 5 5 5 5 2 2 2 2 2 2 2 2 2 2 2 2 2 2 2 2 2 2 2 2 2 2 2 2 2 2 2 2 2 2 2 5 5 5 7 2 2 2 2 2 2 2 2 2 2 2 126 127 128 129 130 131 132 133 2 2 2 2 2 2 2 2 2 2 2 2 2 2 2 2 2 2 170 2 2 2 6 5 5 5 2 2 2 2 2 2 2 1 
1 2 2 2 2 2 2 2 2 2 2 14 15 16 17 18 19 20 21 2 2 12 13 2 2 2 2 2 2 2 2 2 8 9 2 2 2 2 5 5 5 5 5 5 5 5 5 5 5 5 5 5 5 5 5 5 5 5 5 5 5 5 2 2 2 2 2 2 2 2 2 2 2 2 2 2 2 2 2 2 2 2 2 2 2 2 2 2 2 2 2 2 2 5 5 5 7 2 2 2 2 2 2 2 2 2 2 2 134 135 136 137 138 139 140 141 2 2 2 2 2 2 2 2 2 2 2 2 2 2 2 2 2 2 170 2 2 2 6 5 5 5 2 2 2 2 2 2 2 1 
1 2 2 2 2 2 2 2 2 2 2 22 23 24 25 26 27 28 29 2 2 2 2 2 2 2 2 2 2 2 2 2 10 11 2 2 2 6 5 5 5 2 2 2 2 2 2 2 2 2 2 2 2 2 2 2 2 2 2 2 2 2 2 2 2 2 2 2 2 2 2 2 2 2 2 2 2 2 2 2 2 2 2 2 2 2 2 2 2 2 2 2 2 5 5 5 7 2 2 2 2 2 2 2 2 2 2 2 142 143 144 145 146 147 148 149 2 2 2 2 2 2 2 2 2 2 2 2 2 2 2 2 2 2 2 2 2 2 6 5 5 5 2 2 2 2 2 2 2 1 
1 2 2 2 2 2 2 2 2 2 2 30 31 32 33 34 35 36 37 2 2 2 2 2 2 2 2 2 2 2 2 2 12 13 2 2 2 6 5 5 5 2 2 2 2 2 2 2 2 2 2 2 2 2 2 2 2 2 2 2 2 2 2 2 2 2 2 2 2 2 2 2 2 2 2 2 2 2 2 2 2 2 2 2 2 2 2 2 2 2 2 2 2 5 5 5 2 2 2 2 2 2 2 2 2 2 2 2 150 151 152 153 154 155 156 157 2 2 2 2 2 2 2 2 2 2 2 2 2 2 2 2 2 2 2 2 2 2 6 5 5 5 2 2 2 8 9 2 2 1 
1 2 2 2 2 2 2 2 2 2 2 38 39 40 41 42 43 44 45 2 2 2 2 2 2 2 2 2 2 2 2 2 2 2 2 2 2 6 5 5 5 2 2 2 2 2 2 2 2 8 9 2 2 2 2 2 2 2 2 2 2 2 2 2 2 2 2 2 2 2 2 2 2 2 2 2 2 2 2 2 2 2 2 2 2 2 2 2 2 2 2 2 7 5 5 5 2 2 2 2 2 2 2 2 2 2 2 2 158 159 160 161 162 163 164 165 2 2 2 2 2 2 2 2 2 2 2 2 2 2 2 2 2 2 2 2 2 2 6 5 5 5 2 2 2 10 11 2 2 1 
1 2 2 2 2 2 2 2 2 2 2 46 47 48 49 50 51 52 53 2 2 2 2 2 2 2 2 2 2 2 2 2 2 2 2 2 2 6 5 5 5 2 2 2 2 2 2 2 2 10 11 2 2 2 2 2 2 2 2 14 15 16 17 18 19 20 21 2 2 2 2 2 2 2 2 2 2 2 2 2 2 2 2 2 2 2 2 2 2 2 2 2 7 5 5 5 2 2 2 2 2 2 2 2 2 2 2 2 2 2 2 2 2 2 2 2 2 2 2 2 2 2 2 2 2 2 2 2 2 2 2 2 2 2 2 2 2 2 6 5 5 5 2 2 2 12 13 2 2 1 
1 2 2 2 2 2 2 2 2 2 2 54 55 56 57 58 59 60 61 2 2 2 2 2 2 2 2 2 2 2 2 2 2 2 2 2 2 6 5 5 5 2 2 2 2 2 2 2 2 12 13 2 2 2 2 2 2 2 2 22 23 24 25 26 27 28 29 2 2 2 2 2 2 2 2 2 2 2 2 2 2 2 2 2 2 2 2 2 2 2 2 2 7 5 5 5 2 2 2 2 2 2 2 2 2 2 2 2 2 2 2 2 2 2 2 2 2 2 2 2 2 2 2 2 2 2 2 2 2 2 2 2 2 2 2 2 2 2 2 5 5 5 6 2 2 2 2 2 2 1 
1 2 2 2 2 2 2 2 2 2 2 62 63 64 65 66 67 68 69 2 2 2 2 2 2 2 2 2 2 2 2 2 2 2 2 2 2 6 5 5 5 6 2 2 2 2 2 2 2 2 2 2 2 2 2 2 2 2 2 30 31 32 33 34 35 36 37 2 2 2 2 2 2 2 2 2 2 2 2 2 2 2 2 2 2 2 2 2 2 2 2 2 7 5 5 5 2 2 2 2 2 2 2 2 2 2 2 2 2 7 5 5 5 7 2 2 2 2 2 2 2 2 2 2 2 2 2 2 2 2 2 2 2 2 2 2 2 2 2 5 5 5 6 2 2 2 2 2 2 1 
1 2 2 2 2 2 2 2 2 2 2 70 71 72 73 74 75 76 77 2 2 2 2 2 2 2 2 2 2 2 2 2 2 2 2 2 2 6 5 5 5 6 2 2 2 2 2 2 2 2 2 2 2 2 2 2 2 2 2 38 39 40 41 42 43 44 45 2 2 2 2 2 2 2 2 2 2 2 2 2 2 2 2 2 2 2 2 2 2 2 2 2 2 5 5 5 2 2 2 2 2 2 2 2 2 2 2 2 2 7 5 5 5 7 2 2 2 2 2 2 2 102 103 104 105 106 107 108 109 2 2 2 2 2 2 2 2 2 2 5 5 5 6 2 2 2 2 2 2 1 
1 2 2 2 2 2 2 2 2 2 2 78 79 80 81 82 83 84 85 2 2 2 2 2 2 2 2 2 2 2 2 2 2 2 2 2 2 2 5 5 5 6 2 2 2 2 2 2 2 2 2 2 2 2 2 2 2 2 2 46 47 48 49 50 51 52 53 2 2 2 2 2 2 2 2 2 2 102 103 104 105 106 107 108 109 2 2 2 2 2 2 2 2 5 5 5 2 2 2 2 2 2 2 2 2 2 2 2 2 7 5 5 5 7 2 2 2 2 2 2 2 110 111 112 113 114 115 116 117 2 2 2 2 2 2 2 2 2 2 5 5 5 6 2 2 2 2 2 2 1 
1 2 2 2 2 2 2 2 2 2 2 86 87 88 89 90 91 92 93 2 2 2 2 2 2 2 2 2 2 2 2 2 2 2 2 2 2 2 5 5 5 6 2 2 2 2 2 2 2 2 2 2 2 2 2 2 2 2 2 54 55 56 57 58 59 60 61 2 2 2 2 2 2 2 2 2 2 110 111 112 113 114 115 116 117 2 2 2 2 2 2 2 2 5 5 5 2 2 2 2 7 7 7 7 7 7 2 2 2 7 5 5 5 7 2 2 2 2 2 2 2 118 119 120 121 122 123 124 125 2 2 2 2 2 2 2 2 2 2 5 5 5 6 2 2 2 2 2 2 1 
1 2 2 2 2 2 2 2 2 2 2 94 95 96 97 98 99 100 101 2 2 2 2 2 2 2 2 2 2 2 2 2 2 2 2 2 2 2 5 5 5 6 2 2 2 2 2 2 2 2 2 2 2 2 2 2 2 2 2 62 63 64 65 66 67 68 69 2 2 2 2 2 2 2 2 2 2 118 119 120 121 122 123 124 125 2 2 2 2 5 5 5 5 5 5 5 5 5 5 5 5 5 5 5 5 5 5 5 5 5 5 5 5 5 5 5 2 2 2 2 2 126 127 128 129 130 131 132 133 2 2 2 2 2 2 2 2 2 2 5 5 5 6 2 2 2 2 2 2 1 
1 2 2 2 2 2 2 2 2 2 2 2 2 2 2 2 2 2 2 2 2 2 2 2 2 2 2 2 2 2 2 2 2 2 2 2 2 2 5 5 5 6 2 2 2 2 2 2 2 2 170 2 2 2 2 2 2 2 2 70 71 72 73 74 75 76 77 2 2 2 2 2 2 2 2 2 2 126 127 128 129 130 131 132 133 2 2 2 2 5 5 5 5 5 5 5 5 5 5 5 5 5 5 5 5 5 5 5 5 5 5 5 5 5 5 5 2 2 2 2 2 134 135 136 137 138 139 140 141 2 2 2 2 2 2 2 2 2 6 5 5 5 6 2 2 2 2 2 2 1 
1 2 2 2 2 2 2 2 2 2 2 2 2 2 2 2 2 2 2 2 2 2 2 2 2 2 2 2 2 2 2 2 2 2 2 2 2 6 5 5 5 6 2 2 2 2 2 2 2 2 2 2 2 2 2 2 2 2 2 78 79 80 81 82 83 84 85 2 2 2 2 2 2 2 2 2 2 134 135 136 137 138 139 140 141 2 2 2 2 5 5 5 5 5 5 5 5 5 5 5 5 5 5 5 5 5 5 5 5 5 5 5 5 5 5 5 2 2 2 2 2 142 143 144 145 146 147 148 149 2 2 2 2 2 2 2 2 2 6 5 5 5 2 2 2 2 2 2 2 1 
1 2 2 2 2 2 2 2 2 2 2 2 2 2 2 2 2 2 2 2 2 2 2 2 2 2 2 2 2 2 2 2 2 2 2 2 2 6 5 5 5 2 2 2 2 2 2 2 2 2 2 2 2 2 2 2 2 2 2 86 87 88 89 90 91 92 93 2 2 2 2 2 2 2 2 2 2 142 143 144 145 146 147 148 149 2 2 2 2 2 2 2 2 2 2 7 7 7 7 7 7 2 2 2 2 2 2 2 2 2 5 5 5 2 2 2 2 2 2 2 2 150 151 152 153 154 155 156 157 2 2 2 2 2 2 2 2 2 6 5 5 5 2 2 2 2 2 2 2 1 
1 2 2 2 2 2 2 2 2 2 2 2 2 2 2 2 2 2 2 2 2 2 2 2 2 2 2 2 2 2 2 2 2 2 2 2 2 6 5 5 5 2 2 2 2 2 2 2 2 2 2 2 2 2 2 2 2 2 2 94 95 96 97 98 99 100 101 2 2 2 2 2 2 2 2 2 2 150 151 152 153 154 155 156 157 2 2 2 2 2 2 2 2 2 2 2 2 2 2 2 2 2 2 2 2 2 2 2 2 2 5 5 5 2 2 2 2 2 2 2 2 158 159 160 161 162 163 164 165 2 2 2 2 2 2 2 2 2 6 5 5 5 2 2 2 2 2 2 2 1 
1 2 2 2 2 2 2 2 2 2 2 2 2 2 2 2 2 2 2 2 2 2 2 2 2 2 2 2 2 2 2 2 2 2 2 2 2 6 5 5 5 2 2 2 2 2 2 2 2 2 2 2 2 2 2 2 2 2 2 2 2 2 2 2 2 2 2 2 2 2 2 2 2 2 2 2 2 158 159 160 161 162 163 164 165 2 2 2 2 2 2 2 2 2 2 2 2 2 2 2 2 2 2 2 2 2 2 2 2 2 5 5 5 2 2 2 2 2 2 2 2 2 2 2 2 2 2 2 2 2 2 2 2 2 2 2 2 2 6 5 5 5 2 2 2 2 2 2 2 1 
1 2 2 2 2 2 2 2 2 2 2 2 2 2 2 2 2 2 2 2 2 2 2 2 2 2 2 2 2 2 2 2 2 2 2 2 2 6 5 5 5 6 2 2 2 2 2 2 2 2 2 2 2 2 2 2 2 2 2 2 2 2 2 2 2 2 2 2 2 2 2 2 2 2 2 2 2 2 2 2 2 2 2 2 2 2 2 2 2 2 2 2 2 2 2 2 14 15 16 17 18 19 20 21 2 2 2 2 2 6 5 5 5 6 2 2 2 2 2 2 2 2 2 2 2 2 2 2 2 2 2 2 2 2 2 2 2 2 6 5 5 5 2 2 2 8 9 2 2 1 
1 2 2 8 9 2 2 2 2 2 2 2 2 2 5 5 5 2 2 2 2 2 2 2 2 2 2 2 2 2 2 2 2 2 2 2 2 6 5 5 5 6 2 2 2 2 2 2 2 2 2 2 2 2 2 2 2 2 2 2 2 170 2 2 2 2 2 2 2 2 2 2 2 2 2 2 2 2 2 2 2 2 2 2 2 2 2 2 2 2 2 2 2 2 2 2 22 23 24 25 26 27 28 29 2 2 2 2 2 6 5 5 5 6 2 2 2 2 2 2 2 2 2 2 2 2 2 2 2 2 2 2 2 2 2 2 2 2 6 5 5 5 2 2 2 10 11 2 2 1 
1 2 2 10 11 2 2 2 2 2 2 2 2 2 5 5 5 2 2 2 2 2 2 2 2 2 2 2 2 2 2 2 2 2 2 2 2 6 5 5 5 6 2 2 2 2 2 2 14 15 16 17 18 19 20 21 2 2 2 2 2 2 2 2 2 2 2 2 2 2 2 2 2 2 2 2 2 2 2 2 2 2 2 2 2 2 2 2 2 2 2 2 2 2 2 2 30 31 32 33 34 35 36 37 2 2 2 2 2 6 5 5 5 6 2 2 2 2 2 2 2 2 2 2 2 2 2 2 2 2 2 2 2 2 2 2 5 5 5 5 5 5 2 2 2 12 13 2 2 1 
1 2 2 12 13 2 2 2 2 2 2 2 2 2 5 5 5 2 2 2 2 2 2 2 102 103 104 105 106 107 108 109 2 2 2 2 2 2 5 5 5 6 2 2 2 2 2 2 22 23 24 25 26 27 28 29 2 2 2 2 2 2 2 2 2 2 2 2 2 2 2 2 2 2 2 5 5 5 2 2 2 2 2 2 2 2 2 2 2 2 2 2 2 2 2 2 38 39 40 41 42 43 44 45 2 2 2 2 2 6 5 5 5 6 2 2 2 2 2 2 2 2 2 2 2 2 2 2 2 2 2 2 2 2 2 2 5 5 5 5 5 5 6 2 2 2 2 2 2 1 
1 2 2 2 2 2 2 2 2 2 2 2 2 6 5 5 5 2 2 2 2 2 2 2 110 111 112 113 114 115 116 117 2 2 2 2 2 2 5 5 5 6 2 2 2 2 2 2 30 31 32 33 34 35 36 37 2 2 2 2 2 2 2 2 2 2 2 2 2 2 2 2 2 2 2 5 5 5 2 2 2 2 2 2 2 2 2 2 2 2 2 2 2 2 2 2 46 47 48 49 50 51 52 53 2 2 2 2 2 6 5 5 5 6 2 2 2 2 2 2 2 2 2 2 2 2 2 2 2 2 2 2 2 2 2 2 5 5 5 5 5 5 6 2 2 2 2 2 2 1 
1 2 2 2 2 2 2 2 2 2 2 2 2 6 5 5 5 2 2 2 2 2 2 2 118 119 120 121 122 123 124 125 2 2 2 2 2 6 5 5 5 6 2 2 2 2 2 2 38 39 40 41 42 43 44 45 2 2 2 2 2 2 2 2 2 2 2 2 2 2 2 2 2 2 2 5 5 5 6 2 2 2 2 2 2 2 2 2 2 2 2 2 2 2 2 2 54 55 56 57 58 59 60 61 2 2 2 2 2 6 5 5 5 6 2 2 2 2 2 2 2 2 2 2 2 2 2 2 2 2 2 2 2 2 2 2 5 5 5 5 5 5 6 2 2 2 2 2 2 1 
1 2 2 2 2 2 2 2 2 2 2 2 2 6 5 5 5 6 2 2 2 2 2 2 126 127 128 129 130 131 132 133 2 2 2 2 2 6 5 5 5 6 2 2 2 2 2 2 46 47 48 49 50 51 52 53 2 2 2 2 2 2 2 2 2 2 2 2 2 2 2 2 2 2 2 5 5 5 6 2 2 2 2 2 2 2 2 2 2 2 2 2 2 2 2 2 62 63 64 65 66 67 68 69 2 2 2 2 2 6 5 5 5 6 2 2 2 2 2 2 2 2 2 2 2 2 2 2 2 2 2 2 2 2 2 2 5 5 5 5 5 5 6 2 2 2 2 2 2 1 
1 2 2 2 2 2 2 2 2 2 2 2 2 6 5 5 5 6 2 2 2 2 2 2 134 135 136 137 138 139 140 141 2 2 2 2 2 6 5 5 5 2 2 2 2 2 2 2 54 55 56 57 58 59 60 61 2 2 2 2 2 2 2 2 2 2 2 2 2 2 2 2 2 2 2 5 5 5 6 2 2 2 2 2 2 2 2 2 2 2 2 2 2 2 2 2 70 71 72 73 74 75 76 77 2 2 2 2 2 2 5 5 5 2 2 2 2 2 2 2 2 2 2 2 170 2 2 2 2 2 2 2 2 2 2 2 5 5 5 5 5 5 6 2 2 2 2 2 2 1 
1 2 2 2 2 2 2 2 2 2 2 2 2 6 5 5 5 6 2 2 2 2 2 2 142 143 144 145 146 147 148 149 2 2 2 2 2 6 5 5 5 2 2 2 2 2 2 2 62 63 64 65 66 67 68 69 2 2 2 2 2 2 2 2 2 170 2 2 2 2 2 2 2 2 6 5 5 5 6 2 2 2 2 2 2 2 2 2 2 2 2 2 2 2 2 2 78 79 80 81 82 83 84 85 2 2 2 2 2 2 5 5 5 2 2 2 2 2 2 2 2 2 2 2 2 2 2 2 2 2 2 2 2 2 2 2 5 5 5 5 5 5 6 2 2 2 2 2 2 1 
1 2 2 2 2 2 2 2 2 2 2 2 2 6 5 5 5 6 2 2 2 2 2 2 150 151 152 153 154 155 156 157 2 2 2 2 2 6 5 5 5 2 2 2 2 2 2 2 70 71 72 73 74 75 76 77 2 2 2 2 2 2 2 2 2 2 2 2 2 2 2 2 2 2 6 5 5 5 6 2 2 2 2 2 2 2 2 2 2 2 2 2 2 2 2 2 86 87 88 89 90 91 92 93 2 2 2 5 5 5 5 5 5 5 5 5 2 2 2 2 2 2 2 2 2 2 2 2 2 2 2 2 2 2 2 2 5 5 5 5 5 5 6 2 2 2 2 2 2 1 
1 2 2 2 2 2 2 2 2 2 2 2 2 6 5 5 5 6 2 2 2 2 2 2 158 159 160 161 162 163 164 165 2 2 2 2 2 6 5 5 5 2 2 2 2 2 2 2 78 79 80 81 82 83 84 85 2 2 2 2 2 2 2 2 2 2 2 2 2 2 2 2 2 2 6 5 5 5 6 2 2 2 2 2 2 2 2 2 2 2 2 2 2 2 2 2 94 95 96 97 98 99 100 101 2 2 2 5 5 5 5 5 5 5 5 5 2 2 2 2 2 2 2 2 2 2 2 2 2 2 2 2 2 2 2 6 5 5 5 5 5 5 2 2 2 2 2 2 2 1 
1 2 2 2 2 2 2 2 2 2 2 2 2 2 5 5 5 6 2 2 2 2 2 2 2 2 2 2 2 2 2 2 2 2 2 2 2 6 5 5 5 2 2 2 2 2 2 2 86 87 88 89 90 91 92 93 2 2 2 2 2 2 2 2 2 2 2 2 2 2 2 2 2 2 6 5 5 5 6 2 2 2 2 2 2 2 2 2 2 2 2 2 2 2 2 2 2 2 2 2 2 2 2 2 2 2 6 5 5 5 5 5 5 5 5 5 6 2 2 2 2 2 2 2 2 2 2 2 2 2 2 2 2 2 2 6 5 5 5 5 5 5 2 2 2 2 2 2 2 1 
1 2 2 2 2 2 2 2 2 2 2 2 2 2 5 5 5 6 2 2 2 2 2 2 2 2 2 2 2 2 2 2 2 2 2 2 2 2 5 5 5 2 2 2 2 2 2 2 94 95 96 97 98 99 100 101 2 2 2 2 2 2 2 2 2 2 2 2 2 2 2 2 2 2 6 5 5 5 2 2 2 2 2 2 2 2 2 2 2 2 2 2 2 2 2 2 2 2 2 2 2 2 2 2 2 2 6 5 5 5 2 2 2 5 5 5 6 2 2 2 2 2 2 2 2 2 2 2 2 2 2 2 2 2 2 6 5 5 5 5 5 5 2 2 2 2 2 2 2 1 
1 2 2 2 2 2 2 2 2 2 2 2 2 2 5 5 5 2 2 2 2 2 2 2 2 2 2 2 2 2 2 2 2 2 2 2 2 2 5 5 5 2 2 2 2 2 2 2 2 2 2 2 2 2 2 2 2 2 2 2 2 2 2 2 2 2 2 2 2 2 2 2 2 2 6 5 5 5 2 2 2 8 9 2 2 2 2 2 2 2 2 2 2 2 2 2 2 2 2 2 2 2 2 2 2 2 6 5 5 5 2 2 2 5 5 5 6 2 2 2 2 2 2 2 2 2 2 2 2 2 2 2 2 2 2 6 5 5 5 5 5 5 2 2 2 2 2 2 2 1 
1 2 2 2 2 2 2 2 2 2 2 2 2 6 5 5 5 2 2 2 2 2 2 2 2 2 5 5 5 2 2 2 2 2 2 2 2 2 5 5 5 2 2 2 2 2 2 2 2 2 2 2 2 2 2 2 2 2 2 2 2 2 2 2 2 2 2 2 2 2 2 2 2 2 6 5 5 5 2 2 2 10 11 2 2 2 2 2 2 2 2 2 2 2 2 2 2 2 2 2 2 2 2 2 2 2 6 5 5 5 2 2 2 5 5 5 6 2 2 2 2 2 2 2 2 2 2 2 2 2 2 2 2 2 2 6 5 5 5 5 5 5 2 2 2 2 2 2 2 1 
1 2 2 2 2 2 8 9 2 2 2 2 2 6 5 5 5 2 2 2 2 2 2 2 2 2 5 5 5 2 2 2 2 2 2 2 2 2 5 5 5 2 2 2 2 2 2 2 2 2 2 2 2 2 2 2 2 2 2 2 2 2 2 2 2 2 2 2 2 2 2 2 2 2 2 5 5 5 2 2 2 12 13 2 2 2 2 2 2 2 2 2 2 2 2 2 2 2 2 2 2 2 2 2 2 2 6 5 5 5 2 2 2 5 5 5 6 2 2 2 2 2 2 2 2 2 2 2 2 2 2 2 2 2 2 6 5 5 5 5 5 5 2 2 2 2 170 2 2 1 
1 2 2 2 2 2 10 11 2 2 2 2 2 6 5 5 5 2 2 2 2 2 2 2 2 2 5 5 5 2 2 2 2 2 2 2 2 2 5 5 5 2 2 2 2 2 2 2 2 7 7 7 7 7 7 2 2 2 2 2 2 2 2 2 2 2 2 2 2 2 2 2 2 2 2 5 5 5 2 2 2 2 2 2 2 2 2 2 2 2 2 2 2 2 2 2 2 2 2 2 2 2 2 2 2 2 6 5 5 5 2 2 2 5 5 5 6 2 2 2 2 2 2 2 2 2 2 2 170 2 2 2 2 2 2 6 5 5 5 5 5 5 2 2 2 2 2 2 2 1 
1 2 2 2 2 2 12 13 2 2 2 2 2 6 5 5 5 2 7 7 7 7 7 7 2 2 5 5 5 2 7 7 7 7 7 7 2 2 5 5 5 2 2 5 5 5 5 5 5 5 5 5 5 5 5 5 5 5 5 5 2 2 2 2 2 2 7 7 7 7 7 7 2 2 2 5 5 5 6 2 2 2 2 2 2 2 2 2 2 2 2 2 2 2 2 2 2 2 2 2 2 2 2 2 2 2 6 5 5 5 7 2 7 5 5 5 6 2 2 2 2 2 2 2 2 2 2 2 2 2 2 2 2 2 2 2 5 5 5 5 5 5 2 2 2 2 2 2 2 1 
1 2 2 2 2 2 2 2 2 2 2 2 2 6 5 5 5 5 5 5 5 5 5 5 5 5 5 5 5 5 5 5 5 5 5 5 5 5 5 5 5 5 5 5 5 5 5 5 5 5 5 5 5 5 5 5 5 5 5 5 5 5 5 5 5 5 5 5 5 5 5 5 5 5 5 5 5 5 6 2 2 2 2 2 2 2 2 2 2 2 2 2 2 2 2 2 2 2 2 2 2 2 2 2 2 2 2 5 5 5 7 2 7 5 5 5 2 2 2 2 2 2 2 2 2 2 2 2 2 2 2 2 2 2 2 2 5 5 5 5 5 5 2 2 2 2 2 2 2 1 
1 2 2 2 2 2 2 2 2 2 2 2 2 6 5 5 5 5 5 5 5 5 5 5 5 5 5 5 5 5 5 5 5 5 5 5 5 5 5 5 5 5 5 5 5 5 5 5 5 5 5 5 5 5 5 5 5 5 5 5 5 5 5 5 5 5 5 5 5 5 5 5 5 5 5 5 5 5 6 2 2 2 2 2 2 2 2 2 2 2 2 2 166 2 2 2 2 2 2 2 2 2 2 2 8 9 2 5 5 5 7 2 7 5 5 5 2 8 9 2 2 2 2 2 2 2 2 2 2 2 2 2 2 2 2 2 5 5 5 5 5 5 2 2 2 2 2 2 2 1 
1 2 2 2 2 2 2 2 2 2 2 2 2 6 5 5 5 5 5 5 5 5 5 5 5 5 5 5 5 5 5 5 5 5 5 5 5 5 5 5 5 5 5 5 5 5 5 5 5 5 5 5 5 5 5 5 5 5 5 5 5 5 5 5 5 5 5 5 5 5 5 5 5 5 5 5 5 5 6 2 2 2 2 2 2 2 2 2 2 2 2 2 2 2 2 2 2 2 2 2 2 2 2 2 10 11 2 5 5 5 7 2 7 5 5 5 2 10 11 2 2 2 2 2 2 2 2 2 2 2 2 2 2 2 2 2 5 5 5 2 2 2 2 2 2 2 2 2 2 1 
1 2 2 2 2 2 2 2 2 2 2 2 2 2 5 5 5 2 2 7 7 7 7 7 7 2 5 5 5 2 2 2 2 2 7 7 7 7 7 7 2 2 2 5 5 5 5 5 5 5 5 5 5 5 5 5 5 5 5 5 2 2 2 2 2 7 7 7 7 7 7 7 2 2 2 5 5 5 6 2 2 2 2 2 2 2 2 2 2 2 2 2 2 2 2 2 2 2 2 2 2 2 2 2 12 13 2 5 5 5 7 2 7 5 5 5 2 12 13 2 2 2 2 2 2 2 2 2 2 2 2 2 2 2 2 2 5 5 5 2 2 2 2 2 2 2 2 2 2 1 
1 2 2 2 2 2 2 2 2 2 2 2 2 2 5 5 5 2 2 2 2 2 2 2 2 2 5 5 5 2 2 2 2 2 2 2 2 2 2 2 2 2 2 2 2 2 2 2 2 7 7 7 7 7 7 2 2 2 2 2 2 2 2 2 2 2 2 2 2 2 2 2 2 2 2 5 5 5 6 2 2 2 2 2 2 2 2 2 2 2 2 2 2 2 2 2 2 2 2 2 2 2 2 2 2 2 6 5 5 5 2 2 2 5 5 5 6 2 2 2 2 2 2 2 2 2 2 2 2 2 2 2 2 2 2 6 5 5 5 2 2 2 8 9 2 2 2 2 2 1 
1 2 2 2 2 2 2 2 2 2 2 2 2 2 2 2 2 2 2 2 2 2 2 2 2 2 5 5 5 2 2 2 2 2 2 2 2 2 2 2 2 2 2 2 2 2 2 2 2 2 2 2 2 2 2 2 2 2 2 2 2 2 2 2 2 2 2 2 2 2 2 2 2 2 2 5 5 5 6 2 2 2 2 2 2 2 2 2 2 2 2 2 2 2 2 2 2 2 2 2 2 2 2 2 2 2 6 5 5 5 2 2 2 5 5 5 6 2 2 2 2 2 2 2 2 2 2 2 2 2 2 2 2 2 2 6 5 5 5 2 2 2 10 11 2 2 2 2 2 1 
1 2 2 2 2 2 2 2 2 2 2 2 2 2 2 2 2 2 2 2 2 2 2 2 2 2 5 5 5 2 2 2 2 2 2 2 2 2 2 2 2 2 2 2 2 2 2 2 2 2 2 2 2 2 2 2 2 2 2 2 2 2 2 2 2 2 2 2 2 2 2 2 2 2 2 5 5 5 2 2 2 2 2 2 2 2 2 2 2 2 2 2 2 2 2 2 2 2 2 2 2 2 2 2 2 2 6 5 5 5 2 2 2 5 5 5 6 2 2 2 2 2 2 2 2 170 2 2 2 2 2 2 2 2 2 6 5 5 5 2 2 2 12 13 2 2 2 2 2 1 
1 2 2 2 2 2 2 8 9 2 2 2 2 2 2 2 2 2 2 8 9 2 2 2 2 2 5 5 5 2 2 2 2 2 166 2 2 2 2 2 2 2 2 2 2 2 2 2 2 2 2 2 2 2 2 2 2 2 2 2 2 2 2 2 2 2 2 2 2 2 2 2 2 2 2 2 2 2 2 2 2 2 2 170 2 2 2 2 2 2 2 2 2 2 2 2 2 2 2 2 2 2 2 2 2 2 6 5 5 5 2 2 2 5 5 5 6 2 2 2 2 2 2 2 2 2 2 2 2 2 2 2 2 2 2 6 5 5 5 2 2 2 2 2 2 2 2 2 2 1 
1 2 2 2 2 2 2 10 11 2 2 2 2 2 2 2 2 2 2 10 11 2 2 2 2 6 5 5 5 6 2 2 2 2 2 2 2 2 2 2 2 2 2 2 2 2 2 2 2 2 2 2 2 2 2 2 2 2 2 2 2 2 2 2 2 2 2 2 2 2 2 2 2 2 2 2 2 2 2 2 2 2 2 2 2 2 2 2 2 2 2 2 2 2 2 2 2 2 2 2 2 2 2 2 2 2 6 5 5 5 2 2 2 5 5 5 6 2 2 2 2 2 2 2 2 2 2 2 2 2 2 2 2 2 2 6 5 5 5 2 2 2 2 2 2 2 2 2 2 1 
1 2 2 2 2 2 2 12 13 2 2 2 2 2 2 2 2 2 2 12 13 2 2 2 2 6 5 5 5 6 2 2 2 2 2 2 2 2 2 2 2 2 2 2 2 2 2 2 2 2 2 2 2 2 2 2 2 2 2 2 2 2 2 2 2 2 2 2 2 2 2 2 2 2 2 2 2 2 2 2 2 2 2 2 2 2 2 2 2 2 2 2 2 2 2 2 2 2 2 2 2 2 2 2 2 2 6 5 5 5 2 2 2 5 5 5 6 2 2 2 2 2 2 2 2 2 2 2 2 2 2 2 2 2 2 6 5 5 5 2 2 2 2 2 2 2 2 2 2 1 
1 2 2 2 2 2 2 2 2 2 2 2 2 2 2 2 2 2 2 2 2 2 2 2 2 6 5 5 5 6 2 2 2 2 2 2 2 14 15 16 17 18 19 20 21 2 2 2 2 2 2 2 2 2 2 2 2 2 2 2 2 2 2 2 2 2 2 2 2 2 2 2 2 2 2 2 2 2 2 2 2 2 2 2 2 2 2 2 2 2 2 2 2 2 2 2 2 2 2 2 2 2 2 2 2 2 6 5 5 5 2 2 2 5 5 5 6 2 2 2 2 2 2 2 2 2 2 2 2 2 2 2 2 2 2 6 5 5 5 2 2 2 2 2 2 2 2 2 2 1 
1 2 2 2 2 2 2 2 2 2 2 2 2 2 2 2 2 2 2 2 2 2 2 2 2 6 5 5 5 6 2 2 2 2 2 2 2 14 15 16 17 18 19 20 21 2 2 2 2 2 2 2 2 2 2 2 170 2 2 2 2 2 2 2 2 2 2 2 2 2 2 2 2 2 2 2 2 2 14 15 16 17 18 19 20 21 2 2 2 2 2 2 2 2 2 2 2 2 2 2 2 2 2 2 2 2 2 5 5 5 2 2 2 5 5 5 2 2 2 2 2 2 2 2 2 2 2 2 2 2 2 2 2 2 2 2 2 2 2 2 2 2 2 2 2 2 2 2 2 1 
1 2 2 2 2 2 2 2 2 2 2 2 2 2 2 2 2 2 2 2 2 2 2 2 2 6 5 5 5 6 2 2 2 2 2 2 2 22 23 24 25 26 27 28 29 2 2 2 2 2 2 2 2 2 2 2 2 2 2 2 2 2 2 2 2 2 2 2 2 2 2 2 2 2 2 2 2 2 22 23 24 25 26 27 28 29 2 2 2 2 2 2 2 2 2 2 2 2 2 2 2 2 2 2 2 2 2 2 2 2 2 2 2 2 2 2 2 2 2 2 2 2 2 2 2 2 2 2 2 2 2 2 2 2 2 2 2 2 2 2 2 2 2 2 2 2 2 2 2 1 
1 2 2 3 6 3 3 2 2 2 2 3 3 6 3 2 2 2 2 2 2 2 2 2 2 6 5 5 5 6 2 2 2 2 2 2 2 30 31 32 33 34 35 36 37 2 2 2 2 2 2 2 2 2 2 2 2 2 2 2 2 2 2 2 2 2 2 2 2 2 2 2 2 2 2 2 2 2 30 31 32 33 34 35 36 37 2 2 2 2 2 2 2 2 2 2 2 2 2 2 2 2 2 2 2 2 2 2 2 2 2 2 2 2 2 2 2 2 2 2 2 2 2 2 170 2 2 2 2 2 2 2 2 2 102 103 104 105 106 107 108 109 2 2 2 2 2 2 2 1 
1 2 2 3 6 7 7 4 2 2 4 7 6 6 3 2 2 2 2 2 2 2 2 2 2 6 5 5 5 6 2 2 2 2 2 2 2 38 39 40 41 42 43 44 45 2 2 2 2 2 2 2 2 2 2 2 2 2 2 2 2 2 3 6 3 3 2 2 2 2 3 3 6 3 2 2 2 2 38 39 40 41 42 43 44 45 2 2 2 2 2 2 2 2 170 2 2 2 2 2 2 2 2 2 2 2 2 102 103 104 105 106 107 108 109 2 2 2 2 2 2 2 2 2 2 2 2 2 2 2 2 2 2 2 110 111 112 113 114 115 116 117 2 2 2 170 2 2 2 1 
1 2 2 4 3 6 6 7 4 4 7 7 6 3 4 2 2 2 2 2 2 2 2 2 2 2 5 5 5 2 2 2 2 2 2 2 2 46 47 48 49 50 51 52 53 2 2 2 2 2 2 2 2 2 2 2 2 2 2 2 2 2 3 6 7 7 4 2 2 4 7 6 6 3 2 2 2 2 46 47 48 49 50 51 52 53 2 2 2 2 2 2 2 2 2 2 2 2 2 2 2 2 2 2 2 2 2 110 111 112 113 114 115 116 117 2 2 2 2 2 2 2 2 2 2 2 2 2 2 2 2 2 2 2 118 119 120 121 122 123 124 125 2 2 2 2 2 2 2 1 
1 2 2 2 4 3 6 6 6 6 6 6 6 4 2 2 2 2 2 2 2 2 2 2 2 2 5 5 5 2 2 2 2 2 2 2 2 54 55 56 57 58 59 60 61 2 2 2 2 2 2 2 2 2 2 2 2 2 2 2 2 2 4 3 6 6 7 4 4 7 7 6 3 4 2 2 2 2 54 55 56 57 58 59 60 61 2 2 2 2 2 2 2 2 2 2 2 2 2 2 2 2 2 2 2 2 2 118 119 120 121 122 123 124 125 2 2 2 2 2 2 2 2 2 2 2 2 2 2 2 2 2 2 2 126 127 128 129 130 131 132 133 2 2 2 2 2 2 2 1 
1 2 2 2 2 4 3 3 3 3 3 3 4 2 2 2 2 2 2 2 2 2 2 2 2 2 5 5 5 2 2 2 2 2 2 2 2 62 63 64 65 66 67 68 69 2 2 2 2 2 2 2 2 2 2 2 2 2 2 2 2 2 2 4 3 6 6 6 6 6 6 6 4 2 2 2 2 2 62 63 64 65 66 67 68 69 2 2 2 2 2 2 2 2 2 2 2 2 2 2 2 2 2 2 2 2 2 126 127 128 129 130 131 132 133 2 2 2 2 2 2 2 2 2 2 2 2 2 2 2 2 2 2 2 134 135 136 137 138 139 140 141 2 2 2 2 2 2 2 1 
1 2 2 2 2 2 2 2 2 2 2 2 2 2 2 2 2 2 2 2 2 2 2 2 2 2 2 2 2 2 2 2 2 2 2 2 2 70 71 72 73 74 75 76 77 2 2 2 2 2 2 2 2 2 2 2 2 2 2 2 2 2 2 2 4 3 3 3 3 3 3 4 2 2 2 2 2 2 70 71 72 73 74 75 76 77 2 2 2 2 2 2 2 2 2 2 2 2 2 2 2 2 2 2 2 2 2 134 135 136 137 138 139 140 141 2 2 2 2 2 2 2 2 2 2 2 2 2 2 2 2 2 2 2 142 143 144 145 146 147 148 149 2 2 2 2 2 2 2 1 
1 2 2 2 2 2 2 2 2 2 2 2 2 2 2 2 2 170 2 2 2 2 2 2 2 2 2 2 2 2 2 2 2 2 2 2 2 78 79 80 81 82 83 84 85 2 2 2 2 2 2 2 2 2 2 2 2 2 2 2 2 2 2 2 2 2 2 2 2 2 2 2 2 2 2 2 2 2 78 79 80 81 82 83 84 85 2 2 2 2 2 2 2 2 2 2 2 2 2 2 2 2 2 2 2 2 2 142 143 144 145 146 147 148 149 2 2 2 2 2 2 2 2 2 2 2 2 2 2 2 2 2 2 2 150 151 152 153 154 155 156 157 2 2 2 2 2 2 2 1 
1 2 2 2 2 2 2 2 2 2 2 2 2 2 2 2 2 2 2 2 2 2 2 2 2 2 2 2 2 2 2 170 2 2 2 2 2 86 87 88 89 90 91 92 93 2 2 2 2 2 2 2 2 2 2 2 2 2 2 2 2 2 2 2 2 2 2 2 2 2 2 2 2 2 2 2 2 2 86 87 88 89 90 91 92 93 2 2 2 2 2 2 2 2 2 2 2 2 2 2 2 2 2 2 2 2 2 150 151 152 153 154 155 156 157 2 2 2 2 2 2 2 2 2 2 2 2 2 2 2 2 2 2 2 158 159 160 161 162 163 164 165 2 2 2 2 2 2 2 1 
1 2 2 2 2 2 2 2 2 2 2 2 2 2 2 2 2 2 2 2 2 2 2 2 2 2 2 2 2 2 2 2 2 2 2 2 2 94 95 96 97 98 99 100 101 2 2 2 2 2 2 2 2 2 2 2 2 2 2 2 2 2 2 2 2 2 2 2 2 2 2 2 2 2 2 2 2 2 94 95 96 97 98 99 100 101 2 2 2 2 2 2 2 2 2 2 2 2 2 2 2 2 2 2 2 2 2 158 159 160 161 162 163 164 165 2 2 2 2 2 2 2 2 2 2 2 2 2 2 2 2 2 2 2 2 2 2 2 2 2 2 2 2 2 2 2 2 2 2 1 
1 2 2 2 2 2 2 2 2 2 2 2 2 2 2 2 2 2 2 2 2 2 2 2 2 2 2 2 2 2 2 2 2 2 2 2 2 2 2 2 2 2 2 2 2 2 2 2 2 2 2 2 2 2 2 2 2 2 2 2 2 2 2 2 2 2 2 2 2 2 2 2 2 2 2 2 2 2 2 2 2 2 2 2 2 2 2 2 2 2 2 2 2 2 2 2 2 2 2 2 2 2 2 2 2 2 2 2 2 2 2 2 2 2 2 2 2 2 2 2 2 2 2 2 2 2 2 2 2 2 2 2 2 2 2 2 2 2 2 2 2 2 2 2 2 2 2 2 2 1 
1 1 1 1 1 1 1 1 1 1 1 1 1 1 1 1 1 1 1 1 1 1 1 1 1 1 1 1 1 1 1 1 1 1 1 1 1 1 1 1 1 1 1 1 1 1 1 1 1 1 1 1 1 1 1 1 1 1 1 1 1 1 1 1 1 1 1 1 1 1 1 1 1 1 1 1 1 1 1 1 1 1 1 1 1 1 1 1 1 1 1 1 1 1 1 1 1 1 1 1 1 1 1 1 1 1 1 1 1 1 1 1 1 1 1 1 1 1 1 1 1 1 1 1 1 1 1 1 1 1 1 1 1 1 1 1 1 1 1 1 1 1 1 1 1 1 1 1 1 1

